100,100
6,13,15,27,31,63,73,74,80,
5,6,11,22,31,35,45,64,75,86,
1,3,4,5,6,7,14,16,18,19,20,21,22,23,25,26,29,31,32,34,35,36,38,40,41,42,45,46,48,50,51,53,56,57,58,60,62,64,66,67,68,69,70,71,74,75,76,78,79,82,83,85,86,87,89,91,92,94,96,97,98,99,100,
1,2,3,4,5,6,7,8,9,10,11,12,13,14,16,17,18,19,20,21,22,23,24,25,26,27,28,29,31,32,34,35,36,38,39,40,41,42,43,44,45,46,47,48,49,52,53,54,56,57,58,59,60,61,62,63,64,65,67,69,70,72,73,74,76,77,78,79,80,81,82,84,85,86,87,89,90,93,94,95,96,98,99,100,
4,18,26,28,34,38,52,53,55,59,60,62,69,71,76,78,
3,7,10,11,13,14,19,20,26,28,29,31,34,38,39,40,44,45,46,49,52,54,55,56,58,61,62,63,65,67,70,71,73,74,75,76,79,80,83,87,91,94,95,98,
9,14,25,34,54,67,68,69,94,99,100,
1,3,5,7,10,11,12,13,15,19,20,25,27,28,29,31,32,33,36,37,42,44,46,48,49,51,56,61,67,71,78,80,81,85,86,87,88,90,92,94,95,98,
2,5,6,8,9,10,11,15,16,19,21,22,23,24,25,28,29,32,33,34,35,36,37,38,41,42,44,45,46,47,51,54,56,57,59,62,63,64,65,68,69,70,73,74,75,76,79,81,82,84,85,87,91,92,93,94,95,96,97,99,100,
1,3,5,6,8,9,10,11,12,14,15,17,21,22,23,26,27,28,29,30,31,33,34,35,36,39,41,42,44,45,46,47,48,49,50,52,54,55,56,57,58,59,60,61,63,64,66,67,68,70,71,72,74,75,76,77,78,80,81,82,83,84,86,87,88,90,91,92,93,94,95,96,97,98,99,100,
1,4,5,6,7,8,9,10,12,13,14,16,17,18,22,24,25,26,29,33,36,39,40,43,44,45,46,47,53,56,57,60,62,64,65,66,67,68,70,75,78,82,83,85,86,87,90,93,94,96,97,98,99,100,
63,72,73,78,
1,2,3,4,5,6,7,8,9,10,11,12,13,14,15,16,17,18,19,20,21,22,23,24,25,26,27,28,29,30,31,32,33,34,35,36,37,38,39,40,41,42,43,44,45,46,47,48,49,50,51,52,53,54,55,56,57,58,59,60,61,62,63,64,65,66,67,68,69,70,71,72,73,74,75,76,77,78,79,80,81,82,83,84,85,86,87,88,89,90,91,92,93,94,95,96,97,98,99,100,
1,2,5,6,7,8,9,10,11,13,14,15,16,17,18,20,22,24,25,28,29,30,31,32,33,34,36,38,39,40,41,42,43,44,46,47,48,49,50,51,52,53,54,55,56,57,58,60,62,64,65,66,67,69,70,72,74,75,76,77,78,79,80,82,83,84,87,88,89,90,91,92,93,95,97,99,
2,3,5,7,10,11,13,14,16,18,21,22,23,28,33,34,35,36,40,41,43,44,45,46,47,49,50,51,52,53,54,55,56,57,59,61,63,64,66,67,70,74,75,77,78,80,82,85,86,92,95,96,
12,30,50,56,59,72,89,94,98,
1,2,3,4,5,6,7,8,9,10,11,12,13,14,15,16,19,20,21,23,24,25,26,27,28,29,30,31,32,34,38,39,40,41,42,43,45,46,47,48,49,50,52,53,54,55,56,57,58,59,60,61,62,63,64,66,67,68,70,71,72,73,74,75,76,78,80,83,84,85,86,87,88,89,90,91,92,95,96,97,100,
2,3,7,9,10,11,14,15,17,18,20,22,23,24,26,29,30,34,35,37,40,43,44,47,48,51,52,53,56,57,60,61,62,66,69,72,73,80,83,85,86,87,88,89,91,92,94,97,
1,2,3,5,7,8,9,10,11,15,17,19,23,28,29,32,33,38,41,43,50,51,52,58,65,67,69,78,79,81,83,84,85,87,91,94,95,100,
8,22,23,34,47,51,52,60,75,77,91,
1,2,3,4,5,6,10,12,15,16,18,19,20,21,22,24,25,27,28,29,30,31,34,35,36,37,38,39,41,42,44,46,48,49,50,51,52,58,60,61,62,63,64,65,66,69,70,71,72,73,74,75,77,78,83,84,86,87,90,91,93,94,97,98,99,100,
1,2,3,4,5,6,7,8,9,10,12,13,14,15,16,17,18,19,20,21,22,23,24,25,26,27,28,31,32,33,34,35,36,37,38,39,40,41,42,43,44,45,46,47,48,49,50,51,52,53,54,55,56,57,58,60,61,62,63,64,65,66,67,68,69,70,71,72,73,74,75,76,78,81,82,83,84,85,86,87,88,89,90,91,93,94,95,96,97,98,99,100,
1,2,5,8,10,18,21,22,24,26,30,31,34,40,46,48,50,51,54,56,59,61,64,65,68,71,74,76,77,85,93,96,97,98,
1,2,3,4,9,14,16,18,19,21,23,25,26,27,29,31,32,33,34,35,36,37,38,40,43,44,45,47,49,50,51,55,57,58,59,60,61,64,65,69,70,74,76,79,80,83,84,85,88,90,97,98,100,
8,10,11,14,15,20,24,25,27,28,30,35,42,44,48,49,50,52,53,55,57,60,61,64,69,72,78,80,85,88,89,90,91,95,99,
2,3,4,8,9,10,12,14,15,16,17,20,21,22,24,26,27,28,29,30,32,33,34,35,36,37,38,39,40,41,42,43,44,45,46,47,48,49,50,52,54,55,56,59,60,63,64,68,69,70,71,72,73,74,75,76,77,81,83,85,87,89,90,91,92,93,94,95,96,97,98,99,100,
2,3,4,5,7,8,9,10,11,14,15,18,19,20,21,22,24,25,26,27,28,30,34,35,36,37,38,39,40,41,42,43,44,46,48,50,52,53,54,55,56,57,60,62,63,64,66,67,68,69,70,71,72,74,75,76,78,79,80,81,82,83,86,87,88,91,93,94,96,99,
14,88,
2,3,6,8,10,12,14,17,21,24,25,28,30,31,33,35,37,39,44,46,48,52,57,58,60,62,63,66,67,70,71,73,74,75,78,79,80,82,85,88,89,91,92,95,96,97,98,99,
1,2,3,4,5,6,7,8,9,10,11,12,13,14,15,16,17,18,19,20,21,22,23,24,25,26,27,28,29,30,31,32,33,34,36,37,38,39,40,41,42,43,44,45,46,47,48,49,50,51,52,53,54,55,56,57,58,59,60,61,63,64,65,66,67,68,70,71,72,73,74,75,76,77,78,79,80,81,82,83,84,85,86,87,88,89,90,91,92,93,94,95,96,97,98,99,100,
2,4,5,7,8,9,12,13,16,17,18,19,21,26,28,29,30,31,37,38,39,42,43,44,45,47,50,51,52,53,55,56,57,59,60,61,63,66,71,72,73,76,77,78,79,80,81,82,84,85,90,93,94,95,99,
6,9,11,12,14,18,19,20,25,27,29,30,31,32,33,34,37,38,39,43,46,48,52,61,62,64,66,68,69,70,74,77,78,80,84,85,89,91,95,97,99,100,
1,3,4,5,6,9,10,11,12,13,14,16,17,18,19,20,21,23,24,25,26,27,28,29,30,31,32,33,35,36,37,38,41,42,43,45,46,47,48,51,53,54,55,57,58,59,61,62,64,67,68,69,70,71,72,73,74,75,77,78,80,81,84,85,86,90,92,95,96,99,100,
1,2,3,6,8,10,12,13,16,17,20,21,22,24,26,27,29,30,34,35,36,39,45,48,50,51,53,54,56,59,62,63,64,66,70,71,72,73,75,80,81,82,84,85,87,94,97,99,
1,2,3,4,5,6,7,8,10,11,12,13,14,15,17,18,20,21,23,24,25,26,27,28,29,31,33,34,35,36,37,38,39,40,42,43,44,45,46,47,50,51,53,54,55,56,57,58,59,60,61,64,65,67,68,70,72,74,76,77,79,80,83,86,87,88,92,93,95,96,98,99,
4,6,8,9,12,21,34,38,40,47,51,60,61,72,73,75,76,80,81,84,92,99,
14,29,33,58,62,64,70,82,91,96,
1,2,3,4,5,6,7,8,9,10,11,13,14,15,17,18,19,20,21,22,23,24,25,26,27,28,29,31,32,34,35,36,37,39,40,41,42,43,44,45,46,47,48,49,50,51,52,53,54,55,56,57,58,59,60,61,63,64,65,66,67,68,69,70,71,72,73,74,75,76,77,78,79,80,81,82,83,85,86,87,88,89,90,92,93,94,96,99,
1,2,3,4,5,6,7,8,9,10,11,12,13,14,15,16,17,18,20,21,22,23,24,25,26,27,28,29,30,31,32,33,34,35,36,37,38,39,40,41,42,43,44,45,46,48,49,50,51,52,53,54,55,56,57,58,59,60,61,62,63,64,65,66,67,68,69,71,72,73,74,75,76,77,78,79,80,81,82,83,84,85,86,87,88,89,90,91,92,93,94,95,96,97,98,99,100,
71,
6,7,8,12,13,20,21,25,26,33,34,35,37,45,50,54,55,57,58,61,65,66,73,75,76,84,87,88,90,97,100,
1,2,3,4,5,6,7,9,10,11,12,13,14,18,20,21,22,23,24,26,27,28,30,31,32,33,35,36,37,38,40,41,42,43,45,47,48,49,50,52,53,54,55,56,57,58,60,61,63,66,67,68,70,71,72,75,76,78,79,82,83,84,86,87,88,89,91,93,94,95,96,97,98,100,
2,3,6,7,9,10,13,15,20,23,24,26,29,30,34,36,37,40,41,43,44,45,48,49,50,51,53,54,55,61,64,65,67,71,72,76,77,80,82,83,84,85,88,89,91,92,93,95,100,
5,7,8,15,16,17,21,23,27,31,34,36,37,46,47,48,53,56,58,62,64,66,69,71,79,81,82,84,86,88,93,97,98,100,
1,2,3,4,5,6,7,8,10,11,13,15,16,17,18,19,20,21,22,24,26,27,29,30,32,33,38,40,41,42,43,44,45,46,47,48,49,51,52,54,55,57,58,59,60,62,64,65,66,67,68,69,72,73,74,75,76,77,78,80,81,82,83,84,85,87,89,90,91,92,93,94,95,96,97,98,99,100,
3,7,8,10,12,18,19,22,29,31,35,39,40,43,44,47,52,53,56,66,71,73,77,78,83,85,86,88,89,90,94,
1,2,3,5,6,7,8,9,10,11,13,15,16,18,19,20,21,22,23,24,25,26,27,28,30,31,32,33,34,35,36,37,38,39,42,43,44,45,47,48,49,50,51,53,54,55,56,57,58,59,60,62,63,64,65,66,67,68,69,70,71,72,73,74,76,77,78,79,80,82,83,84,85,86,87,88,89,91,92,93,94,95,96,97,98,99,100,
1,2,3,4,5,6,7,8,10,11,12,13,16,19,20,22,23,28,30,31,32,33,34,35,36,38,39,41,42,45,46,47,48,50,51,53,55,56,57,58,63,65,69,70,71,73,74,75,76,81,82,83,84,85,87,88,91,93,98,99,100,
4,7,9,11,13,15,16,17,18,19,21,22,24,26,27,28,29,30,33,39,41,45,46,47,49,50,53,54,55,58,62,65,67,68,69,70,71,73,77,80,81,92,94,95,96,97,98,100,
2,13,14,17,24,26,50,51,60,61,77,80,87,94,
49,64,65,66,70,87,88,
1,4,6,7,10,12,15,16,18,20,21,24,25,26,27,28,29,30,32,33,35,37,38,39,40,41,44,46,47,49,50,55,56,57,58,59,60,61,62,63,64,65,66,67,68,69,70,71,73,75,77,78,79,80,82,84,85,86,89,93,95,97,98,
1,2,3,4,7,8,9,12,13,14,15,16,17,18,19,20,21,22,24,25,26,27,30,31,32,33,37,39,40,42,44,45,46,47,51,52,55,58,59,61,64,65,67,68,71,72,73,74,77,78,79,82,84,86,89,90,91,92,93,94,95,97,100,
4,5,10,11,12,20,25,28,31,34,39,40,42,43,44,55,58,59,67,71,72,73,81,93,94,97,100,
2,5,6,8,10,11,17,18,19,26,28,31,32,34,39,40,41,43,44,45,49,51,52,54,56,61,62,63,64,67,68,70,71,73,74,75,76,78,79,80,83,84,86,90,95,96,100,
1,3,4,5,7,8,9,11,18,20,24,27,29,30,32,34,36,37,38,40,43,45,46,47,49,50,54,59,61,62,65,66,67,70,75,76,78,80,83,84,85,86,87,88,89,90,91,92,93,94,95,96,99,100,
3,4,5,6,7,8,9,10,12,14,16,20,22,23,24,25,26,28,29,34,37,38,40,41,42,43,44,45,46,47,48,49,50,52,53,54,55,56,57,58,59,60,61,62,63,64,65,66,68,69,70,72,73,75,76,77,79,80,81,82,83,84,85,86,88,89,90,91,92,93,94,96,97,98,99,100,
3,4,10,13,17,30,32,34,37,39,47,53,58,60,64,67,68,71,80,85,97,
1,2,3,4,6,8,9,10,11,12,14,16,18,19,20,21,23,25,26,27,28,29,30,31,33,34,36,37,38,39,40,43,44,47,48,49,50,51,52,53,54,55,56,57,59,60,61,63,65,66,67,68,72,74,75,76,77,78,79,80,81,82,83,84,85,86,87,89,90,91,92,93,94,96,98,99,
1,2,3,4,5,6,7,8,9,11,12,13,14,15,16,17,18,19,20,21,22,23,24,25,26,27,28,29,30,31,32,33,34,35,36,37,38,39,40,41,42,43,44,45,46,47,48,49,50,51,52,53,54,55,56,57,58,59,60,61,62,64,65,66,67,68,69,70,71,72,73,74,75,76,77,78,79,80,81,82,83,84,85,86,87,88,89,90,91,92,93,94,95,96,97,98,99,100,
2,5,6,9,13,14,15,17,18,20,23,24,25,27,28,31,34,35,37,38,41,43,44,45,46,47,49,50,52,53,55,56,57,58,59,61,69,74,75,76,78,82,89,90,94,97,98,
1,2,3,4,5,6,7,8,9,10,11,12,13,14,15,16,17,19,20,22,23,24,25,26,27,28,29,30,31,32,33,34,35,36,37,39,40,41,42,43,44,45,46,47,48,49,50,51,52,53,54,55,56,57,58,59,60,61,62,63,64,65,66,67,68,69,70,71,72,73,74,76,79,82,83,84,85,86,87,88,89,90,91,92,93,94,95,96,97,98,99,100,
1,2,4,5,6,7,8,9,10,12,13,14,15,16,17,18,19,20,21,22,24,25,26,27,28,29,30,31,33,34,35,37,38,39,40,41,42,43,44,45,46,47,48,51,52,53,55,56,57,59,60,61,62,63,64,65,66,68,69,70,73,74,75,76,77,78,79,80,81,82,83,85,86,88,89,90,91,92,94,96,97,98,99,100,
10,12,27,30,33,38,40,44,45,48,61,68,77,78,81,84,93,100,
1,2,3,4,5,6,7,8,9,10,11,12,13,14,15,16,17,18,19,20,21,22,23,24,25,26,27,28,29,30,31,32,33,34,35,36,37,38,39,40,41,42,43,44,45,46,47,48,49,50,51,52,53,55,57,58,59,60,61,62,63,64,65,66,67,68,69,70,71,72,73,74,75,76,78,79,80,81,82,83,84,85,86,87,89,90,91,92,93,94,95,96,98,99,100,
1,2,3,4,5,6,7,8,9,10,11,12,14,15,16,17,18,19,20,21,22,23,24,25,26,27,28,29,30,31,32,33,34,35,36,37,39,40,41,42,43,45,46,47,48,49,50,52,53,55,56,57,58,59,60,61,62,63,64,65,66,67,68,69,70,72,73,74,75,76,77,78,79,80,82,83,85,86,87,88,89,90,91,92,93,94,95,96,97,98,99,100,
1,3,4,5,6,8,11,13,14,15,16,18,19,21,23,24,25,27,28,31,32,33,36,37,38,40,41,42,43,44,45,46,49,50,53,54,55,57,58,60,62,65,69,71,72,75,76,77,78,81,83,84,86,87,88,89,90,91,95,97,99,100,
2,4,5,6,7,9,12,13,14,15,16,17,19,20,21,22,23,24,25,27,28,30,31,32,33,34,35,36,37,38,39,40,41,42,43,44,45,46,47,48,49,50,51,52,53,54,55,57,59,60,61,62,63,64,65,66,68,69,70,71,72,73,74,75,76,77,78,79,80,81,82,83,84,85,86,87,88,90,91,92,94,95,96,97,98,99,100,
2,11,18,27,29,31,34,35,36,38,41,51,58,59,61,91,92,93,
1,3,6,7,8,10,12,13,15,16,17,18,19,20,21,22,23,24,25,26,27,29,31,32,34,35,36,37,38,40,41,43,46,48,49,50,51,53,54,55,56,57,58,59,60,61,62,63,64,65,66,68,69,70,72,74,75,77,78,79,82,83,84,86,87,88,89,90,91,93,94,96,97,99,100,
7,65,76,99,
17,25,32,40,42,44,46,51,65,68,72,76,89,91,92,99,
3,4,6,8,11,14,19,22,27,33,37,39,41,46,47,49,54,57,58,63,64,65,66,67,68,71,80,81,90,93,99,
1,3,8,14,17,21,25,27,28,33,36,39,41,43,46,47,51,52,55,58,59,61,63,64,65,67,72,73,77,79,81,82,85,88,97,
1,3,5,6,7,12,13,15,20,22,23,32,36,41,48,50,52,54,57,59,60,65,66,67,68,71,72,74,75,77,80,82,83,89,90,92,
1,2,3,4,5,8,9,10,12,15,17,22,24,25,26,27,29,31,32,33,34,36,41,42,46,49,51,58,60,67,69,71,74,75,81,83,86,89,90,95,99,
2,3,4,5,6,7,8,9,12,14,15,16,17,19,20,21,22,24,26,27,29,31,32,33,34,35,37,38,39,40,41,42,43,46,48,50,51,52,53,54,56,59,61,62,63,64,65,66,67,68,69,71,72,75,76,78,79,80,81,84,85,86,87,88,90,91,92,94,95,96,97,99,
11,45,49,57,61,66,72,80,97,
1,2,4,5,7,8,9,13,14,18,19,20,22,24,25,26,27,29,32,34,35,37,38,40,42,45,49,55,56,59,60,61,63,65,66,67,68,69,70,72,73,77,78,79,80,81,83,86,87,89,94,95,96,97,
2,3,4,5,6,7,8,9,11,12,13,15,17,18,19,20,21,24,25,27,28,29,30,31,32,34,35,36,37,38,39,40,41,42,43,44,45,46,47,48,49,50,51,52,53,54,55,56,57,59,60,61,62,64,65,66,67,68,69,70,71,72,73,75,76,77,78,79,80,81,82,84,85,86,87,88,91,92,93,94,96,98,99,100,
1,2,4,7,9,11,13,14,15,19,20,22,23,24,25,27,28,29,31,32,33,35,37,38,39,40,42,43,46,47,48,51,52,54,55,56,59,62,63,64,65,66,70,72,73,75,76,77,78,79,80,81,82,83,84,87,88,89,90,92,93,94,95,96,97,
2,3,4,6,9,10,11,12,13,14,15,17,19,20,24,25,27,28,30,31,33,36,39,40,41,43,48,49,50,51,53,56,58,59,60,61,62,63,64,65,68,69,71,72,73,74,75,76,78,80,82,84,87,89,91,92,94,96,98,99,100,
4,8,14,26,52,56,58,76,77,79,81,94,95,
1,2,6,7,9,10,12,13,14,15,16,18,19,21,22,23,24,25,27,28,29,31,34,37,40,41,43,44,46,47,48,50,51,52,54,57,58,59,61,62,64,66,67,68,70,71,74,75,80,82,83,84,85,87,88,89,94,95,97,98,99,100,
1,2,3,4,5,7,9,10,11,12,13,16,18,20,24,25,27,28,29,32,33,35,37,39,40,43,45,46,48,51,52,53,54,58,60,61,62,63,64,65,67,69,71,72,74,76,77,78,79,80,84,85,86,87,88,89,90,91,92,95,96,97,98,
1,3,4,6,10,12,14,15,16,17,20,22,24,28,33,34,35,38,43,46,49,50,52,54,55,57,60,61,62,64,65,67,68,71,72,74,75,77,79,81,83,84,85,86,87,90,93,94,95,99,100,
1,2,3,4,5,6,7,8,9,10,11,12,14,15,16,18,19,21,22,23,24,27,29,30,31,32,34,35,36,38,39,40,44,45,46,47,48,49,50,51,52,54,56,57,58,59,61,62,63,64,65,66,67,68,69,70,71,72,73,74,75,76,77,78,79,80,81,82,84,86,88,89,90,91,93,95,96,97,98,100,
15,17,22,27,49,51,54,56,58,62,69,74,79,82,83,87,88,94,99,
1,2,4,5,6,7,8,9,10,11,12,13,14,15,16,18,19,20,21,22,23,24,25,26,28,29,30,31,33,34,35,36,37,38,39,40,41,42,43,45,47,48,49,51,52,53,54,55,56,57,58,59,60,61,62,63,64,65,66,67,68,69,70,72,73,75,77,78,79,80,81,82,83,84,85,86,87,88,89,90,92,93,94,96,97,98,99,100,
1,2,3,4,5,7,8,9,10,11,12,13,14,16,17,18,20,22,23,24,25,26,27,28,29,30,31,32,33,35,36,37,38,39,40,41,42,43,44,45,46,48,49,50,51,53,54,56,57,58,59,61,62,63,64,65,66,67,68,71,73,74,75,76,77,80,81,82,83,84,85,86,88,89,90,91,92,93,94,95,96,97,98,99,100,
1,3,5,12,26,27,34,36,37,38,40,49,57,61,63,64,67,69,70,74,75,78,85,94,97,99,
1,2,3,4,5,6,7,8,9,10,11,12,13,14,15,16,17,18,19,20,21,22,23,24,25,26,27,28,29,30,31,32,33,34,35,36,37,38,39,40,41,42,43,45,46,47,48,49,50,51,53,54,55,56,57,58,59,60,61,64,65,66,67,68,69,71,72,73,74,76,77,78,79,81,82,83,84,86,87,88,89,90,92,93,94,95,96,97,98,99,100,
1,2,6,8,9,12,13,18,19,21,23,24,29,31,34,35,36,37,39,41,43,44,45,46,47,48,49,51,52,54,55,56,57,64,65,66,67,68,69,73,78,79,80,84,86,87,89,92,93,94,96,97,98,99,100,
1,2,4,11,12,15,17,18,21,22,26,27,28,29,30,33,37,41,43,47,53,55,57,62,65,66,69,70,71,72,74,75,77,81,83,85,86,87,88,90,92,93,94,97,98,
1,2,3,4,5,6,7,9,10,12,13,15,16,18,19,20,21,22,23,26,27,29,30,31,33,34,35,36,37,38,39,40,41,42,43,44,45,47,49,50,51,52,53,56,57,58,59,60,61,62,64,66,68,69,71,73,74,76,77,78,80,81,82,83,84,85,86,87,89,92,93,94,95,97,99,100,
1,2,3,6,7,8,9,10,11,12,13,15,16,18,19,21,22,24,25,26,30,31,32,33,34,35,36,37,38,39,40,41,42,43,47,48,49,51,53,55,56,59,60,61,62,63,64,65,67,68,69,70,72,73,77,78,80,81,82,83,84,85,86,87,88,89,90,91,92,93,94,95,97,98,100,
3,8,13,23,25,26,31,38,41,45,51,52,59,61,62,66,67,69,79,80,85,89,90,91,94,
2,3,11,14,15,19,23,25,28,32,33,34,39,45,46,49,52,55,57,59,61,62,63,69,72,74,75,78,80,81,82,84,91,95,99,
10,14,17,19,34,39,42,46,50,51,55,61,62,68,71,87,93,96,99,100,
1,2,7,8,11,12,13,14,15,16,19,20,22,23,25,26,27,29,31,32,33,34,36,39,41,42,44,46,47,50,51,54,55,56,57,59,60,63,64,65,69,70,71,72,75,76,78,79,81,82,85,88,89,91,92,93,95,96,99,
