3, 4,
112, 426, 700,
9, 10, 11,
13, 15, 16,
34, 73, 213,
29, 1241,
112, 738, 1241,
10, 28, 29, 30, 31,
33, 34,
400, 767,
10, 38, 39, 40,
34, 209,
44, 45, 46,
30, 47, 48,
1186, 1244,
38, 53,
56, 57,
38, 83, 426, 731, 1241,
34, 585,
64, 65,
79, 294,
70, 71,
73, 74, 75,
77, 78, 79,
81, 82, 83, 84,
15, 86,
6, 34, 88, 90,
74, 79,
84, 93,
95, 96,
98, 99,
93, 101, 102,
104, 105,
334, 1125,
110, 111,
15, 112, 113,
116, 117,
119, 120,
53, 122, 123,
73, 74, 79,
95, 126, 127,
73, 128,
130, 131, 132,
34, 47, 1057,
31, 34, 38, 73, 134, 136,
84, 138, 139,
200, 306,
47, 144,
34, 47, 146, 147,
150, 151, 152,
16, 38, 83, 123, 153,
34, 45, 47,
1005, 1072,
159, 161, 162,
45, 90, 161,
165, 166,
53, 734,
16, 93, 170,
99, 171,
93, 104,
73, 101, 175,
95, 177,
28, 53, 213, 1145, 1186,
334, 1272,
71, 184, 185, 186,
73, 187,
95, 105, 334, 1003,
105, 191, 192,
38, 84, 122, 192,
73, 95,
16, 194,
47, 130,
197, 198,
159, 165, 166,
93, 191,
73, 426, 1124, 1247,
34, 187, 203,
95, 586, 1277,
95, 206, 207, 208,
198, 209,
122, 211,
74, 93,
120, 590, 1296,
47, 216,
16, 38, 104,
16, 123, 219,
45, 71,
71, 222,
28, 38,
45, 95,
16, 227,
45, 117, 228,
73, 229,
50, 285,
98, 234,
216, 483,
34, 136, 238,
74, 116, 240,
241, 242,
244, 245,
93, 159, 247,
38, 105, 140, 213, 1112,
466, 949,
73, 209,
53, 1327,
29, 256, 257,
47, 192, 258,
213, 1109, 1195, 1297,
15, 262,
47, 116,
102, 264,
70, 170, 186,
73, 93, 262,
591, 1209,
216, 267,
83, 194, 344, 426,
13, 272,
115, 123, 263, 426,
427, 598,
95, 280,
120, 147, 282,
53, 115,
151, 213,
16, 426, 1229,
122, 150, 290, 291,
31, 35, 428,
483, 919,
95, 264, 297,
10, 53,
280, 299,
16, 65, 270,
45, 177, 301,
303, 304, 305,
110, 304, 306, 307,
53, 309,
38, 73, 131,
200, 949,
15, 38, 83, 123, 315,
120, 317,
270, 319,
45, 323,
34, 104, 211,
16, 35, 57, 83, 147, 326,
10, 47, 327,
328, 329,
16, 28, 57, 83,
15, 16, 123,
104, 238,
10, 138, 327,
34, 134, 333,
47, 194, 306, 327,
194, 905,
175, 1087,
10, 104,
10, 120, 340, 341,
11, 28, 342,
79, 175,
34, 175, 344, 345, 346,
198, 347,
105, 182,
16, 38, 229, 351,
211, 358, 428, 738, 905,
34, 211,
112, 358, 527, 1241,
10, 358, 359,
34, 116, 360,
10, 147, 258, 361, 362,
10, 147,
651, 654, 905,
10, 120, 344,
73, 211,
45, 344,
209, 713,
116, 371,
73, 358,
71, 73,
10, 47, 376,
47, 377, 378,
73, 134, 299,
10, 256,
104, 381, 382, 383,
16, 28, 120, 384, 385,
53, 360, 384,
10, 384, 386, 387,
222, 384,
15, 120, 319,
328, 384,
120, 392,
47, 175, 304,
16, 395,
4, 10, 397,
10, 134,
73, 400, 401,
10, 95,
45, 47, 194,
426, 919,
13, 95,
28, 194, 264,
34, 73,
180, 382,
34, 415, 416,
10, 45, 47, 417,
47, 120, 138,
73, 334,
10, 123, 386, 420, 421,
10, 422,
47, 53, 421,
424, 425,
47, 384, 427, 428, 429,
10, 431,
16, 47, 194, 381, 434,
39, 104, 384, 435,
10, 28,
10, 437,
10, 47,
10, 35,
47, 441, 442, 444,
10, 15,
446, 447,
34, 446,
10, 47, 378,
56, 437,
39, 104, 211, 452,
47, 123,
211, 645, 1271,
81, 185,
10, 30, 53, 105,
45, 216, 458,
10, 28, 47,
28, 35, 38, 73, 1087,
10, 47, 105, 376, 381, 463,
45, 47, 464,
10, 466,
165, 216,
53, 469, 470,
73, 227,
10, 116,
147, 216, 475,
10, 104, 477, 478,
10, 16, 28, 59, 428, 477, 479, 480, 481,
34, 45,
131, 426,
10, 334, 466,
10, 466,
79, 120,
10, 104,
147, 194,
15, 480, 481, 491,
29, 71, 147, 344, 492,
494, 495,
10, 48, 477,
10, 73, 481,
28, 46, 47, 104, 307, 480,
27, 47, 105, 500,
317, 501,
33, 503,
15, 45,
73, 505,
56, 428, 477,
45, 71, 341, 492,
28, 35, 38,
88, 198, 477,
38, 104,
120, 165,
34, 344,
10, 15, 16, 28, 514,
304, 515,
122, 303, 305,
175, 517, 518,
34, 120, 333,
358, 426, 674,
11, 123, 521,
10, 362,
45, 150, 522,
16, 38, 105, 500, 524,
10, 95,
38, 123,
16, 73, 104, 123, 529,
38, 531, 533,
304, 495,
10, 95,
34, 95,
31, 95,
426, 875, 1186,
10, 95,
344, 427, 541,
28, 38, 358,
16, 30, 38, 434,
83, 104, 434, 543,
104, 544,
10, 15, 104, 306, 327,
165, 216,
28, 105, 175, 219, 342, 547,
47, 83, 548,
53, 282, 344,
104, 549, 550,
47, 187,
47, 553,
10, 15, 16, 383,
83, 198,
466, 556,
344, 559,
10, 16, 47, 561,
134, 562, 563,
466, 562,
10, 47,
10, 28, 105,
10, 47, 362,
358, 948,
105, 175,
10, 16, 571,
47, 95, 112,
10, 47,
47, 73, 641, 1087,
16, 28, 104,
73, 207,
146, 425,
45, 120, 580,
45, 105, 435,
10, 31, 305,
378, 426,
16, 31, 104, 384, 583,
464, 477,
585, 586, 587,
28, 83, 426, 590, 1241,
38, 120,
358, 590,
10, 34, 400,
10, 16,
47, 104, 347, 435,
16, 35, 594,
10, 384, 417,
596, 597,
10, 104, 599,
344, 600,
120, 424, 602,
35, 431, 604,
384, 437,
53, 591, 905, 984, 1186,
16, 38, 73,
10, 116, 611,
16, 28, 48,
10, 71, 104,
105, 175,
105, 122,
15, 384, 616, 617,
209, 1205, 1360,
165, 477,
45, 105, 150,
10, 120, 477,
28, 53, 104, 219,
34, 79, 229,
31, 73,
38, 483,
28, 307, 481,
47, 95, 580,
631, 632,
73, 104, 257, 633,
123, 211, 426, 590,
73, 116,
10, 53,
83, 120, 123, 238, 247, 524,
426, 684, 811,
45, 47,
28, 601,
11, 175, 211, 521,
47, 123,
326, 415, 643,
20, 392, 644,
45, 88,
16, 175,
47, 71,
16, 105, 175,
16, 45,
53, 415,
16, 28, 653,
10, 147,
53, 586,
120, 151,
47, 175,
28, 123,
88, 661,
104, 400,
15, 16, 28, 47, 431, 664,
16, 401, 477,
10, 15, 16, 39, 666,
53, 105,
16, 38, 524, 668,
477, 669,
270, 661, 671,
198, 446,
15, 47, 524, 673,
34, 47,
45, 95,
28, 38, 477,
28, 29, 120, 677,
54, 1271,
34, 95,
38, 53,
28, 426, 1241, 1319,
415, 543,
126, 134,
95, 437, 689,
88, 477,
308, 900, 922,
15, 175,
35, 590,
198, 698,
272, 700,
95, 358,
35, 1213,
15, 705,
34, 435,
10, 39, 400, 708,
34, 709,
73, 708,
120, 272,
34, 270,
216, 617,
11, 120,
65, 466, 716,
29, 104,
30, 38,
38, 147,
10, 290, 720, 722,
10, 15,
16, 34,
34, 104,
45, 120, 581,
35, 47, 247,
213, 728, 1271,
10, 102,
34, 334,
47, 185,
73, 358,
177, 200, 1013, 1263,
73, 518, 737,
45, 71,
31, 120, 297,
310, 1241,
10, 742,
216, 400,
47, 744,
30, 34, 616,
73, 280,
10, 323,
34, 229, 492,
10, 466,
10, 73,
34, 116, 750, 751,
41, 358, 373,
73, 83,
38, 177,
521, 541, 756,
358, 400, 428, 583, 1213,
10, 16, 760,
28, 47, 194, 1241,
211, 763,
165, 765,
28, 35, 428,
47, 73,
28, 105,
15, 16, 48,
16, 28, 668,
200, 295, 378, 710,
31, 773,
73, 501,
79, 1087,
95, 211, 466, 521,
216, 400,
16, 38, 73, 198, 779,
10, 780,
95, 742, 782,
73, 783,
16, 47, 401,
16, 38,
16, 420,
28, 219,
10, 344, 788,
28, 31, 611,
10, 503,
42, 73,
38, 765, 783,
53, 112,
45, 136, 162, 240, 334,
93, 123,
392, 795,
30, 34, 45,
238, 798,
45, 171, 1170,
30, 280,
28, 123, 426, 1271,
45, 84, 280,
84, 93, 806,
31, 637,
116, 810,
31, 436, 859,
34, 95,
200, 344,
585, 818,
10, 15, 38, 123,
34, 198, 821,
116, 228, 823,
84, 153, 422,
38, 95, 824,
73, 123, 825,
74, 117, 825,
93, 709,
10, 830,
112, 213, 585, 1087,
161, 832,
53, 832,
53, 74, 280,
75, 83, 838,
358, 641, 1271,
53, 161, 838,
75, 841,
34, 38,
34, 113,
93, 358,
47, 123, 846,
34, 116, 147, 216,
34, 56,
10, 95, 175,
10, 334, 850,
10, 112, 382,
198, 280,
238, 810,
10, 855,
10, 823, 857,
16, 93, 104,
53, 433,
861, 863,
82, 120,
83, 112, 426,
234, 841,
483, 1241,
83, 123, 309, 869,
309, 870,
104, 309,
1263, 1271,
16, 47, 93, 95, 344,
15, 877,
126, 879,
73, 881,
105, 213, 466, 1124,
15, 211,
209, 767,
161, 841,
10, 795,
15, 123,
20, 104,
34, 175, 194, 328, 478,
15, 16, 48,
15, 16, 48, 194, 385, 429,
104, 198, 823,
213, 358,
76, 400,
15, 16, 53, 105, 123,
10, 15,
20, 758, 901,
10, 20, 138,
47, 73, 116, 903,
31, 291, 905,
31, 841, 905,
47, 905,
161, 905,
194, 909,
38, 83, 1237,
10, 47, 280, 646,
116, 334, 531,
211, 400,
95, 344,
47, 73, 585,
211, 921,
161, 841,
15, 16, 30, 38, 79, 924, 925,
177, 1263, 1271,
31, 116, 1271,
16, 35, 931,
344, 933,
38, 47, 935,
73, 935, 937,
270, 935,
35, 602, 935, 941,
10, 15,
35, 469, 943,
95, 175, 946,
38, 45,
47, 200, 467, 1087,
47, 194, 879,
31, 44, 150,
15, 147, 175, 953,
38, 426, 590, 1323,
958, 959,
34, 45, 466,
45, 116, 644,
10, 47,
10, 71,
34, 909,
20, 34, 177, 879,
10, 965,
10, 633, 967,
53, 122, 130,
10, 53, 95, 304, 806,
10, 35, 48, 53, 304,
10, 524,
120, 165,
295, 378, 732, 1271,
116, 177, 256,
45, 783,
30, 358, 400,
31, 45,
177, 211, 953,
263, 1220,
10, 53, 104,
10, 73, 959,
879, 986,
45, 988,
95, 303, 548,
96, 976, 1306,
28, 112, 123,
122, 993,
15, 238, 264,
194, 944, 1212,
73, 120, 585,
29, 47, 282,
123, 309, 416,
112, 879, 958,
16, 38, 73, 112, 194, 392, 1001,
10, 1002,
788, 986,
213, 495, 1295,
20, 122,
10, 31,
10, 53, 788,
93, 119,
31, 45, 95,
45, 1013,
53, 798,
73, 826,
175, 561, 1013,
466, 593,
38, 529,
34, 95, 112, 123, 228,
16, 93, 479,
47, 93, 1021,
34, 198, 824,
38, 104, 147, 760,
16, 34, 385, 1023,
34, 175, 444,
47, 578,
20, 151, 903,
45, 95, 855,
841, 1028,
38, 280,
34, 466,
466, 602,
104, 382,
306, 341,
31, 161,
16, 38, 861,
20, 45, 1038, 1039,
95, 175,
280, 478, 524,
139, 585, 1039,
73, 79, 1041,
95, 309,
16, 48, 123, 879,
334, 1044,
16, 123, 152,
48, 381, 931,
45, 47, 53, 175,
165, 229,
16, 48, 120,
10, 95,
10, 45, 95,
16, 38, 533,
16, 38,
10, 1056,
264, 935,
47, 123,
205, 466,
344, 466,
28, 63, 112, 590,
116, 358, 824,
45, 241, 304,
10, 123,
45, 783,
11, 45,
578, 1186,
31, 34, 1002,
73, 123,
31, 71, 95,
95, 716,
95, 1075, 1076,
71, 119,
16, 38,
34, 38,
16, 38, 47, 216,
15, 53, 1083,
175, 444, 1075,
143, 1362,
120, 165,
86, 95, 1088,
30, 1089,
10, 88,
34, 112,
28, 63, 428,
16, 38, 79, 1021, 1095,
175, 549, 869, 1096,
93, 150,
47, 95,
34, 198,
73, 161,
38, 198, 444, 646,
57, 238, 1102,
71, 161, 1103,
143, 198,
73, 841,
15, 16, 760, 841,
384, 531,
35, 45,
35, 102,
16, 38,
177, 211, 240,
16, 344,
112, 287, 668,
16, 31, 340,
95, 207, 282,
73, 95, 229, 1119,
120, 986,
47, 334, 821,
34, 185, 334,
28, 38, 47,
79, 270, 358,
10, 38,
47, 590,
34, 123,
93, 95, 1129,
73, 119,
95, 309, 870,
216, 905,
469, 1133,
47, 1133, 1135,
34, 38,
45, 216,
45, 47, 1321,
47, 830,
120, 126, 282,
400, 502, 1087,
28, 47, 668,
104, 105, 479,
95, 229, 1146,
78, 1148,
113, 161,
10, 1150,
198, 334, 1152,
95, 392,
38, 466,
34, 45, 901,
16, 96, 123, 344, 1271,
16, 806,
469, 502, 654,
16, 38, 47, 95,
1164, 1165,
165, 654,
10, 879,
182, 1171,
95, 112,
38, 73,
130, 378, 1175,
161, 378,
47, 112, 905, 914,
112, 177,
45, 95, 334,
95, 122, 304,
182, 304,
95, 165, 765,
10, 95, 549,
654, 1087,
47, 1188,
382, 1190,
34, 38, 1191,
1186, 1194,
334, 1129,
38, 53,
161, 857, 1196,
95, 151,
47, 105,
15, 28,
34, 73, 1200,
1002, 1201,
10, 73,
203, 821, 1146,
280, 1204,
16, 53, 123, 219,
116, 264, 925,
427, 1200, 1208,
20, 266,
30, 47, 84, 280,
28, 306, 727,
16, 83, 426,
10, 38, 219, 925,
10, 986,
216, 1215,
16, 38,
16, 38, 45,
34, 95,
120, 935, 1175,
116, 633, 760,
194, 304, 1191,
16, 175, 857,
47, 216,
123, 216,
216, 478,
10, 1215,
198, 344,
590, 1228,
47, 585,
216, 258,
29, 34,
38, 75,
1028, 1236,
93, 134,
344, 466,
10, 466,
428, 522, 1241, 1242, 1244,
216, 810,
427, 916,
116, 426, 588, 678, 1365,
47, 105, 217,
120, 810,
328, 1263,
105, 810, 1265,
20, 1267,
307, 466, 1269,
20, 307,
112, 358, 466,
31, 334, 810,
112, 123, 426, 1275,
79, 116, 175, 1278, 1279,
147, 426,
34, 334,
810, 1287,
307, 1263,
34, 466,
38, 116,
10, 344, 420,
495, 1295,
147, 334, 1265,
466, 1047, 1298,
334, 795, 1263,
38, 1285, 1301,
31, 79,
1303, 1304,
38, 105, 123, 1263, 1301,
1303, 1306,
216, 810, 1308,
10, 1263, 1309,
216, 1310,
182, 773,
426, 690,
38, 83, 1309,
38, 147, 585,
53, 295,
73, 123,
47, 71, 295, 1048, 1052,
1263, 1265,
216, 1174,
34, 1322,
73, 1186, 1316,
34, 151,
20, 73,
35, 147, 1327, 1328,
34, 45, 400,
95, 334, 1330,
112, 1142, 1186,
73, 475, 1322,
34, 238, 1336,
175, 358, 1337,
1327, 1339,
116, 216, 400, 1330,
1322, 1341,
34, 73,
477, 1339, 1344,
326, 1345,
31, 116,
1349, 1350,
378, 1265, 1352,
34, 810,
381, 1265,
1355, 1356,
73, 1326,
1361, 1362,
120, 344, 946,
34, 1279,
47, 306, 614,
73, 1083,
2, 147,
77, 334, 1096,
272, 307,
79, 800, 1087, 1263,
272, 307, 1287,
19, 165,
38, 45, 1308,
151, 1304,
209, 822,
334, 521,
216, 1243,
43, 1333,
49, 50, 1201,
198, 669,
55, 522, 1201,
105, 1244,
34, 73,
59, 122,
10, 49, 477,
53, 219, 531, 1271,
10, 69, 73,
175, 1087,
85, 87,
10, 31,
79, 105,
112, 207, 251,
71, 95, 100,
28, 45, 53, 87, 307, 395, 428, 1271,
53, 106, 107,
109, 646,
6, 115, 118, 1271,
10, 109,
182, 905,
334, 466,
73, 112,
73, 79, 307,
45, 211, 689,
211, 344, 1193, 1271,
207, 358, 1209,
10, 155,
53, 165,
34, 79, 1271,
175, 522, 1271,
53, 344,
20, 209,
10, 168,
10, 28, 1271,
378, 601,
43, 174, 182,
182, 466,
73, 466,
16, 31, 426, 1108,
10, 182, 881,
87, 190, 1324,
53, 147, 378,
45, 199,
1271, 1324,
466, 1048,
165, 334,
28, 34, 123, 395,
10, 29, 1271,
10, 326, 344, 381,
87, 147,
483, 1072,
10, 126, 270,
73, 220, 238,
10, 20, 30, 73, 220,
10, 88,
272, 1322,
224, 225, 226, 1271,
122, 224,
38, 466,
182, 216, 428, 1271,
53, 334,
120, 427, 1003, 1271,
358, 1351,
47, 95, 243, 547,
785, 1241,
238, 308,
252, 371,
253, 255,
38, 45, 426,
207, 823,
187, 346,
35, 96, 428, 590,
10, 273, 307,
10, 1271,
53, 147,
95, 120, 369, 426, 479,
16, 35, 426,
278, 285,
45, 177, 211, 400,
34, 52,
147, 182, 292,
34, 47, 334,
10, 307,
53, 307,
105, 912,
15, 16, 34, 95, 272, 340,
10, 302, 1271,
10, 15, 308,
311, 1271,
71, 466,
45, 314, 316,
47, 117, 1271,
316, 321, 795,
53, 326,
151, 700,
95, 307, 823,
34, 659,
332, 1271,
53, 117, 1271,
950, 1241,
20, 339,
348, 881, 1263,
120, 381,
352, 1075,
2, 120, 147, 175, 1271,
28, 38, 381,
306, 357,
123, 182, 334, 365,
366, 1263, 1271,
271, 428, 895, 1241,
38, 123, 175, 1075,
53, 1265,
238, 1263,
34, 87,
123, 365, 381, 1271,
211, 1330, 1350,
34, 1263, 1352,
28, 38, 45, 83, 116, 573,
16, 590, 1087,
34, 307,
307, 344,
179, 1263,
396, 398, 1350,
399, 402,
34, 38, 272,
83, 1075, 1271,
16, 38, 477,
344, 364,
10, 30, 34, 73,
10, 38, 668,
10, 306, 1271,
30, 1271,
616, 700, 1271,
810, 1194,
10, 105, 432, 1271,
87, 381,
16, 28, 38, 428,
31, 79,
15, 16, 28, 1271,
49, 87, 440,
34, 334,
79, 1267,
451, 1271,
245, 454,
10, 466,
34, 47,
35, 420,
495, 1295,
28, 381, 465,
79, 334,
468, 471,
79, 1243,
123, 381,
71, 430, 1271,
34, 484,
28, 104, 1271,
73, 112,
73, 466, 1322,
11, 73, 466, 1271,
10, 481,
34, 73,
29, 120, 378, 1271,
28, 47,
47, 198, 211,
307, 504,
10, 211, 1330,
87, 311, 1271,
120, 344, 508,
16, 509,
1283, 1330,
38, 1330,
79, 165, 513,
307, 477, 1271,
47, 428, 1323,
15, 1330,
146, 381,
47, 578,
175, 226, 1271,
123, 211, 795,
314, 334, 528, 1298,
16, 38, 45, 428, 1247,
73, 535,
1271, 1324,
31, 391, 428, 1141,
165, 182,
34, 810,
270, 1350,
53, 545, 779,
272, 546,
15, 77, 175,
2, 45, 432, 1129,
47, 555, 1271,
547, 1322,
34, 400, 558,
122, 244,
35, 428, 639, 1087,
38, 83,
38, 698,
87, 568,
79, 95,
38, 83, 175,
49, 53, 1271,
10, 53,
34, 1271,
34, 53, 576,
165, 469,
29, 53,
34, 850,
400, 484, 581,
151, 198, 1017,
10, 132, 340,
9, 1271,
182, 307,
10, 34, 123,
87, 307, 556,
34, 328,
31, 381,
28, 307, 1271,
73, 117,
546, 605,
38, 1271,
47, 1087,
28, 104, 381,
381, 612, 1271,
10, 1271,
38, 105, 1263,
38, 1330,
83, 194,
88, 211,
38, 364, 621,
95, 622, 1271,
45, 175,
95, 366, 624,
626, 628,
10, 321, 1271,
211, 630,
95, 168, 258,
198, 406,
29, 460,
83, 558, 640,
307, 1295,
10, 53,
642, 1278,
165, 1350,
34, 280,
216, 1087,
30, 34,
28, 35, 286, 426, 590, 1234,
10, 400,
47, 610,
10, 307,
45, 165,
881, 1263,
10, 321, 344,
10, 1271,
10, 34, 1165, 1271,
10, 47,
34, 175,
87, 1324,
83, 334,
675, 676,
123, 395,
381, 680,
87, 440,
10, 1271,
73, 87, 628, 685,
123, 1271,
34, 53,
344, 1330,
28, 106, 220,
198, 211, 334,
547, 744,
34, 73, 307,
79, 95,
633, 695, 1271,
607, 1139,
216, 344,
31, 38, 219,
79, 702, 703,
15, 704, 1361,
34, 38,
122, 1124,
381, 441, 712,
16, 38,
187, 213,
112, 1173, 1259,
400, 508, 721,
31, 87,
9, 31,
35, 123,
10, 334,
28, 123, 165, 477,
35, 175, 427,
28, 39,
10, 16, 35, 95, 216, 733,
73, 120, 151, 351,
382, 982,
28, 334, 1322,
28, 47, 194, 211, 307, 941,
53, 740,
175, 746,
10, 28, 35, 116, 194,
16, 175, 194, 748,
147, 466,
511, 670,
15, 34, 229, 334,
47, 334,
31, 1087,
31, 79,
270, 468,
10, 30, 123, 147,
10, 770, 771,
47, 79,
10, 774,
47, 53, 79,
53, 1186, 1241,
15, 781, 784, 785, 786,
20, 787,
38, 344,
28, 792,
38, 83, 358, 426,
45, 182, 796,
28, 35, 426,
20, 344,
34, 211, 270,
83, 426,
38, 807,
71, 807,
807, 823,
79, 307, 812,
28, 123, 1048,
386, 817,
792, 820,
198, 466,
104, 134,
53, 83, 827,
28, 123, 194, 211, 616, 740,
34, 47, 195, 476, 965, 1347,
10, 759,
15, 28,
31, 79,
10, 492, 837,
20, 466,
104, 272,
812, 843,
10, 28, 844,
194, 511,
307, 848,
16, 83, 1230,
16, 35, 38, 83, 123, 853,
344, 854,
216, 858,
47, 344,
45, 122, 1110,
38, 83, 95, 685, 702,
31, 344,
307, 344,
53, 1324,
10, 16, 35, 871,
34, 139,
71, 216, 740,
34, 47, 123,
47, 117, 871,
38, 105,
104, 381, 876, 878,
182, 381, 848, 880,
45, 876,
38, 83, 344, 878,
1087, 1347,
10, 47, 85,
344, 400,
10, 344, 878,
165, 469, 965,
105, 306, 887,
16, 38,
115, 307, 891, 1095,
10, 15, 35, 104, 123, 147, 211, 219, 1242,
334, 400, 893,
10, 428,
896, 898,
95, 880,
47, 104, 175,
30, 69, 571,
334, 875,
83, 120, 123, 250, 426,
16, 38, 48, 477, 908,
1186, 1213, 1322,
95, 400,
175, 306,
28, 47,
16, 56, 590, 1087,
16, 47, 590, 905,
15, 28, 38, 45, 73, 175, 748,
849, 916,
10, 102, 600, 708,
16, 73, 708,
219, 755, 895,
47, 95,
39, 165,
71, 104,
45, 757,
16, 53, 73,
16, 34, 466, 939,
28, 38, 47, 104,
34, 198, 344,
122, 639, 912, 1052,
53, 420, 590,
10, 104, 947,
71, 948,
10, 951,
10, 29, 38, 364, 952, 955,
34, 38, 123, 956,
10, 177, 198, 571,
10, 340, 957,
10, 16, 466, 788,
73, 307, 960,
16, 83,
95, 477,
1087, 1124,
45, 843, 968,
39, 45, 452,
73, 211,
211, 326, 334,
272, 837,
31, 95,
10, 53,
1087, 1138, 1186,
211, 849,
10, 116,
843, 968,
10, 123,
73, 182,
79, 427,
10, 16, 722,
38, 466,
344, 469,
16, 28, 576,
38, 83, 891,
306, 893,
31, 47, 216,
95, 378,
422, 944, 1055,
30, 38, 477,
664, 998,
53, 646,
10, 524,
34, 95, 182, 464,
122, 400,
73, 426, 1263,
10, 73, 79,
29, 117,
45, 77,
47, 71,
83, 95,
45, 88, 1148,
216, 759,
31, 908, 1017,
47, 175,
79, 1020, 1022,
45, 198, 1022,
33, 95, 165,
466, 482, 593,
31, 216,
211, 495, 1029,
10, 45,
477, 602,
53, 1033, 1034,
272, 477,
38, 770, 1036,
53, 95,
45, 340, 1040,
477, 1042,
73, 481,
16, 28, 30, 38, 123, 194, 477, 524, 590,
34, 477,
198, 466,
112, 216,
211, 1052,
211, 770, 786,
131, 659, 1236,
104, 466,
466, 1057,
31, 381,
887, 1042,
39, 599,
10, 952,
122, 182, 559,
307, 395,
53, 1064,
10, 759,
79, 118, 194, 960,
422, 591,
10, 53,
45, 427,
73, 344,
39, 105,
28, 31, 381,
10, 95, 194, 272,
38, 202, 1322,
95, 639, 1087,
28, 47,
45, 104, 524, 947,
428, 1087,
28, 53,
307, 924,
19, 71, 118,
258, 344, 878,
10, 95,
31, 593,
38, 175, 535,
10, 95,
40, 1094,
120, 908,
53, 395, 733,
10, 187,
177, 238,
45, 1061,
10, 34, 956,
112, 120,
194, 307, 381,
34, 117,
740, 1109,
47, 73, 599,
10, 53,
216, 858,
10, 344,
77, 116, 245, 1115,
16, 38, 105, 428,
1064, 1121,
28, 1241, 1344,
486, 567,
28, 1213,
307, 1128, 1130,
42, 334,
211, 1251,
28, 38, 381, 428, 691,
53, 270,
28, 47,
1149, 1151,
47, 53,
28, 53, 111, 216,
83, 144, 426,
47, 428,
9, 116, 117,
9, 400,
1033, 1168,
31, 147,
105, 810,
334, 1355,
198, 574, 834,
79, 83, 477, 1179,
10, 15,
71, 1263,
796, 1183,
307, 334,
45, 334,
31, 883, 1322,
28, 120, 150, 810, 1263,
307, 382, 477, 1263,
31, 1194,
34, 96, 1361,
175, 466,
96, 117, 147,
34, 165, 400, 1328,
95, 1202, 1263, 1361,
120, 384,
10, 45, 120,
28, 35, 1138,
275, 428, 1076,
20, 1210,
122, 704,
79, 1210,
34, 123, 881, 1361,
242, 727,
16, 28, 123,
20, 685,
211, 328, 1076,
45, 120, 1222,
38, 120, 1076, 1223, 1224,
31, 1263,
334, 466,
10, 344,
16, 83, 466, 965,
211, 1327,
45, 1232,
47, 334,
15, 328,
45, 737,
38, 1271,
307, 1245, 1246,
45, 105, 381,
31, 151,
151, 1263,
165, 216,
15, 381, 1253,
28, 123, 219, 1256,
34, 73, 1258,
47, 428, 1087,
245, 1118, 1213,
28, 47, 1242,
199, 307, 795,
34, 73, 79,
79, 307,
73, 344,
400, 424,
95, 378, 616, 756, 1275,
45, 182,
10, 53,
34, 358, 846, 1327,
116, 1281,
47, 122, 211,
105, 175, 177, 759, 1242, 1286,
34, 1288,
344, 1290,
11, 35, 123,
216, 306, 358, 1292,
1292, 1294, 1345,
10, 16, 38, 1276,
424, 1299, 1300,
34, 881, 1302,
175, 784, 1305,
378, 1263, 1305,
53, 200, 718, 1087,
110, 556,
110, 466, 1305,
110, 479,
344, 529, 1320,
334, 578, 754,
194, 463,
194, 675,
10, 328,
194, 344, 1288,
45, 810,
45, 150,
102, 466, 1340,
35, 120,
77, 334, 1343,
38, 275, 400,
605, 908,
34, 73, 1339,
34, 73,
477, 796,
45, 307,
31, 667, 1174,
16, 38, 92,
16, 175,
96, 147,
466, 1363, 1364,
45, 1288,
334, 469, 811,
53, 633,
38, 45, 1152, 1281,
1263, 1281,
83, 345,
38, 120,
47, 175,
165, 216,
35, 175, 844,
212, 213,
175, 475,
105, 306, 428,
10, 83,
29, 352, 400,
31, 1362,
165, 344,
56, 216, 531, 1263,
45, 117,
16, 110, 479, 1246, 1263,
16, 73,
34, 165,
38, 823,
28, 35, 466, 523, 670,
105, 1223,
15, 590, 686,
105, 427,
47, 381, 1263,
53, 307,
114, 270,
211, 810,
16, 38, 1288,
34, 400,
47, 216, 344,
53, 137, 358,
53, 307, 466,
123, 142, 175,
45, 115, 198, 1271,
38, 307,
16, 588, 1035, 1087,
528, 1204,
28, 175, 194, 571, 1263,
31, 428,
47, 307, 1320,
229, 630,
172, 771,
1263, 1281,
178, 216,
188, 733,
73, 110, 272,
20, 424,
16, 28, 34,
196, 361, 447,
31, 158, 392,
204, 466,
16, 28, 38, 1263,
45, 182,
28, 47,
38, 47, 215,
221, 495,
31, 230,
120, 1281,
45, 344, 1242,
151, 424, 588, 696,
358, 1241,
795, 1263,
165, 182, 211, 469,
38, 47, 424,
260, 400, 602,
187, 261, 307, 332,
263, 1253,
182, 466,
47, 271, 1344,
120, 426, 1043,
276, 956,
38, 120,
384, 463, 1288,
16, 38, 633,
45, 151, 261,
16, 38,
45, 211, 633,
38, 45, 120, 1179,
28, 45,
38, 294,
163, 296,
16, 1276,
34, 310,
216, 1361,
15, 28, 428, 927, 1112,
305, 322, 1330,
182, 810,
45, 325, 795,
28, 330, 465,
198, 331, 358, 466,
34, 335, 524,
331, 336, 344,
34, 45, 120, 200, 426, 428, 519, 1241,
343, 397,
15, 216, 350, 400,
79, 147, 216, 229, 354,
881, 1263,
146, 993,
120, 344, 1290,
53, 521,
307, 334,
53, 73, 1224,
34, 1355,
34, 993,
34, 1220,
34, 1281,
34, 216,
16, 388,
20, 275, 390,
352, 1361,
31, 466,
394, 1210,
439, 1189,
273, 1344,
47, 307,
96, 147,
182, 394,
16, 38, 137,
38, 213, 428,
358, 466, 1190,
810, 1076,
881, 1305,
71, 436,
307, 751, 1242,
439, 466,
34, 1288,
207, 448,
194, 795,
10, 1288,
16, 47, 73, 680,
53, 1263,
213, 358,
165, 201,
680, 1288,
28, 104, 428, 1245,
352, 472,
28, 175,
34, 483,
162, 1358,
182, 487, 488,
28, 45,
105, 493,
307, 497, 881,
73, 116, 344, 498, 1103,
15, 45, 344, 400,
45, 400, 506,
45, 506,
477, 1220,
308, 483,
28, 34,
16, 28, 38, 590,
477, 593, 1324,
28, 47, 428,
34, 182, 211,
34, 532, 721, 1263,
31, 116, 534, 585,
116, 477, 536,
16, 73,
198, 555,
20, 74,
120, 123, 466,
34, 466, 483,
34, 38, 1263,
28, 35, 94, 123, 426, 1241,
194, 477, 557, 590,
34, 483, 488,
28, 1263,
95, 175, 345, 536, 565,
176, 477,
165, 216,
29, 483, 572,
38, 1322,
15, 16, 28, 38, 420, 555, 1263,
20, 577,
45, 116, 344, 1168,
28, 116, 1246,
45, 73,
198, 524, 1135,
344, 1263,
211, 584,
45, 344,
116, 213, 229, 905, 1122,
116, 592, 595,
34, 45, 400,
45, 601, 1263,
16, 28, 1294,
102, 378, 607,
34, 83, 110,
45, 344, 613, 1263,
110, 292,
116, 549,
275, 620, 893,
105, 400,
31, 428,
74, 175,
38, 216, 1263,
28, 344, 727, 1241,
31, 221,
73, 428,
325, 500, 1165,
95, 358, 466,
604, 881,
45, 426,
95, 175,
400, 477,
204, 668, 1263,
31, 428,
194, 246,
1220, 1312,
28, 194, 665,
358, 483,
29, 34, 45, 142, 1263,
45, 483, 1263,
213, 428,
307, 466,
35, 219,
28, 381, 946,
15, 147,
95, 211,
102, 292, 595, 1263,
120, 687, 1263,
102, 1263,
30, 801, 1221,
123, 182, 692,
211, 483,
426, 1112,
30, 178,
505, 706,
34, 477,
38, 122,
35, 96,
34, 116, 292, 498, 565,
198, 723,
29, 725,
45, 898,
105, 727, 729,
38, 151, 1188,
35, 120, 194, 213, 428, 1241,
74, 584, 595,
34, 739,
151, 743, 1345,
38, 110, 595, 1263,
219, 483, 488,
34, 45, 95,
38, 752,
275, 292, 1246,
727, 1263,
45, 238, 275, 477, 1263,
34, 38, 45, 806,
116, 122, 344,
31, 555, 762,
545, 1263,
483, 768,
34, 498,
28, 35, 120, 123, 1090, 1241,
116, 483,
488, 1023,
116, 178, 536, 778,
45, 789, 1263,
165, 216, 673,
178, 790, 1263,
88, 95, 400, 524, 924,
466, 483,
83, 95,
95, 178, 483, 572,
466, 494,
345, 488,
95, 120,
292, 881,
34, 47, 216, 1288,
263, 1263, 1340,
344, 1196,
30, 34, 116,
307, 809, 1263, 1288,
198, 477,
34, 998,
31, 466, 692,
34, 426, 590, 905,
165, 524,
165, 292,
120, 198, 739,
95, 116, 703,
47, 198, 828,
38, 45, 778,
357, 905, 1241,
31, 45,
211, 646,
116, 1165,
20, 122,
38, 73, 616, 1288,
842, 845,
34, 847, 1023,
198, 307,
200, 1263,
116, 856,
842, 1130, 1288,
116, 860, 1288,
31, 426, 428, 727,
34, 296, 1159,
16, 23, 38, 123, 426,
73, 466, 868,
28, 194, 348,
116, 216,
28, 334, 1073, 1241,
34, 47,
53, 251, 358, 1263, 1314,
88, 424, 466, 886, 1263,
427, 810,
28, 889,
34, 87, 892,
53, 87, 894,
123, 175, 500,
182, 329, 456,
194, 307, 381,
53, 466,
74, 116, 378,
275, 1269,
47, 79, 419, 426, 727,
28, 1288,
306, 913,
77, 1144, 1248, 1271,
116, 918, 920,
211, 216,
45, 358, 381, 920,
42, 632, 924,
38, 610, 1271,
116, 1294,
426, 590,
34, 466,
116, 358,
83, 123,
466, 918, 954,
47, 899,
219, 381,
28, 479, 759,
31, 83, 123,
28, 38, 83, 426,
123, 531,
34, 219, 893, 974,
151, 723,
120, 123, 1242,
53, 95, 139,
978, 1294,
204, 847,
45, 978,
95, 982,
28, 35, 45, 426,
138, 477, 640, 989, 1358,
45, 95,
893, 1243,
110, 720, 994,
16, 30, 95, 197, 1087,
211, 1358,
466, 908,
821, 978,
34, 147, 206, 260, 1003, 1358,
20, 1004,
495, 982,
28, 978, 994,
151, 211, 306,
53, 616, 1263,
194, 275, 974, 1010,
105, 1010, 1011, 1294,
79, 1276,
73, 79,
198, 211,
28, 38, 45, 381, 1263,
275, 1263,
83, 147, 307,
28, 53, 1263,
34, 105,
893, 1263,
307, 1285,
16, 28, 47, 381,
34, 45,
53, 1050,
16, 45, 53, 198, 428,
7, 483, 1241,
47, 1263,
34, 1060,
34, 116, 1263,
477, 483,
211, 1065,
211, 483,
307, 893,
34, 45, 477, 1069,
116, 400,
71, 182, 646, 951,
466, 938,
95, 1244, 1263,
45, 147,
488, 854, 1128,
38, 466, 477, 1077,
20, 905,
73, 123, 178, 905,
344, 477,
122, 420, 1084,
10, 28, 211, 498, 1085,
116, 123, 219,
116, 211, 1242,
35, 47,
175, 881,
95, 216, 905,
181, 270, 945,
45, 837,
28, 38, 653,
116, 1333,
553, 1106,
381, 1106,
384, 590, 1241,
38, 73, 635,
20, 635, 1337,
38, 307, 989,
95, 165, 1364,
151, 216, 521,
87, 1288,
123, 531,
116, 211,
943, 1296,
307, 381,
38, 307, 1263,
275, 307, 989,
200, 384,
88, 213, 428, 1271,
38, 45, 348, 361,
73, 1294,
38, 45, 1127,
38, 477,
34, 635,
45, 116,
116, 344, 635,
45, 114,
34, 272, 454,
198, 727,
216, 1076,
16, 38, 83,
182, 1147,
45, 654,
34, 1011,
47, 123, 428, 883,
31, 211,
73, 275, 1135,
198, 1160,
38, 978,
38, 45, 123, 354,
105, 1166,
45, 392, 638,
1172, 1173,
16, 123,
31, 73, 116, 1177,
50, 107, 116,
28, 175, 806,
95, 211, 395,
165, 204,
53, 95,
328, 1184,
29, 47, 116, 335, 1263,
826, 833,
73, 79, 853, 893,
34, 272,
344, 1184, 1322,
275, 493,
34, 211, 727,
53, 200,
45, 105, 417, 488, 1205,
45, 905,
211, 427,
53, 110,
116, 905, 1263, 1294,
47, 83, 400, 477,
34, 38,
16, 307, 989,
16, 38, 83,
850, 1216,
182, 466,
182, 768, 1327,
34, 466,
477, 590, 1263,
16, 531,
34, 88, 95,
38, 45,
73, 307,
207, 1294,
483, 1233,
584, 1235, 1358,
34, 95,
15, 361, 1263,
34, 905,
466, 498, 905,
292, 384, 1263,
28, 73, 612,
34, 95,
34, 361,
11, 123,
28, 204,
102, 1251, 1263,
45, 1011,
28, 31, 1135,
42, 73, 483,
34, 424, 954,
34, 1288,
307, 381, 1257,
87, 171,
73, 307, 466, 1177,
95, 307,
16, 38, 1261,
16, 335, 1263,
216, 344,
45, 913,
45, 420, 1266,
30, 79,
95, 461, 975,
28, 31,
155, 1288,
73, 1241, 1244,
116, 1242, 1294,
187, 982, 1229,
45, 116,
31, 34,
34, 65,
53, 1027,
487, 881,
35, 196, 428,
28, 272, 892,
344, 1278,
34, 209,
73, 610, 641,
198, 1010,
16, 38, 428, 1145,
307, 1288,
34, 886, 1294,
120, 905,
725, 1065, 1263,
307, 988,
35, 989,
38, 194,
894, 1358,
71, 1337,
165, 216,
16, 38, 1346,
1347, 1348,
38, 47, 1302,
151, 466,
83, 358,
31, 38, 428, 1227,
73, 372, 1241,
35, 275,
53, 1160,
200, 1333,
53, 110, 426,
147, 307,
31, 95, 1241, 1316,
122, 727, 1241,
426, 552, 1271,
270, 466,
38, 477, 727,
37, 211, 307,
151, 483,
102, 1288,
34, 45,
16, 35, 38, 428, 670, 1241, 1279,
28, 34, 47, 79,
34, 38, 105, 635,
34, 66, 73,
47, 483,
68, 72,
182, 307,
45, 194,
216, 306,
216, 951,
45, 522,
31, 913,
334, 1357,
73, 108, 908, 1177,
116, 334,
45, 71, 125,
216, 1305,
95, 116,
9, 135,
53, 62, 200,
200, 1220,
47, 477,
116, 120,
47, 120, 498,
31, 216,
34, 122, 173,
31, 182,
73, 194, 198,
28, 200,
123, 466,
229, 344, 568,
45, 165, 213, 214,
200, 635, 1263,
120, 426, 428, 995, 1087,
207, 1263,
213, 428, 1316,
53, 120,
73, 129,
426, 461,
38, 47,
45, 165, 275, 400,
28, 207,
45, 47, 116,
47, 254,
79, 426, 956,
34, 269,
120, 151, 307,
270, 307,
45, 949,
116, 200,
732, 983,
120, 288, 289, 293,
47, 73, 295,
10, 211,
47, 295, 312, 313,
45, 116,
150, 324,
116, 921,
47, 123, 356,
34, 585,
38, 45,
47, 123, 370,
34, 994, 1208,
213, 307,
34, 45, 116, 313, 374,
47, 154, 1263,
28, 202, 1124, 1241,
34, 307,
380, 389, 400,
307, 312,
28, 307,
47, 358, 404, 727,
38, 45, 307, 326, 733,
120, 405, 850,
31, 358,
243, 547, 905,
34, 343,
307, 412, 477,
28, 47, 123, 295,
172, 423,
334, 426,
182, 494,
56, 443,
79, 826,
120, 602,
34, 45,
31, 38, 207,
213, 1361,
73, 823, 924,
213, 358,
116, 213, 275,
34, 473,
47, 466, 1241,
482, 485, 1348,
110, 120, 1076, 1263,
47, 123, 695,
123, 482, 1263,
28, 307,
73, 307,
120, 466,
47, 116, 511, 1263,
10, 31, 47,
15, 47, 344, 404,
211, 1241,
47, 275, 523,
473, 733,
28, 123, 242, 1263,
95, 112, 511,
15, 47, 120,
213, 466,
511, 1241,
95, 282, 307, 511, 1241,
47, 307, 511,
306, 646,
105, 392,
20, 34,
198, 511,
127, 307, 466,
48, 523,
147, 312, 566,
570, 794,
38, 91, 392,
73, 267,
34, 578, 579,
378, 1300,
147, 213, 589,
74, 295, 589,
374, 400, 523, 570,
38, 591,
34, 523, 603,
31, 95, 182,
74, 213, 609,
20, 213, 248,
28, 47, 905, 1133, 1241,
216, 619,
603, 1232,
211, 523,
625, 1327,
79, 523,
73, 400, 937,
116, 625, 727, 1263,
570, 616,
73, 334, 639,
182, 641,
34, 47, 334, 647,
42, 828,
47, 275, 650,
47, 295, 498,
79, 483, 1263,
120, 147, 1208,
48, 120, 216,
123, 641,
47, 498, 659,
15, 35, 102, 466,
20, 662,
34, 211, 727, 905, 1252,
34, 672, 1324,
28, 120, 123, 1263,
275, 466,
34, 466, 905, 970, 1276,
31, 116,
34, 295,
34, 73,
31, 116, 151, 469, 1263,
147, 850,
35, 229, 344,
34, 344, 1263,
73, 216, 275,
11, 116,
123, 426,
34, 45,
47, 216,
28, 702, 1018, 1031,
211, 400,
34, 120,
47, 400, 1352,
28, 47, 344, 428,
38, 627, 1220,
34, 198, 1288,
275, 307, 356,
120, 200, 307,
1122, 1241, 1276,
198, 1205,
412, 1263,
213, 378,
28, 47, 741,
15, 83, 358, 479, 590, 745,
95, 412,
47, 727,
213, 358, 755,
47, 312, 426, 603, 1361,
31, 47, 1263,
95, 216,
29, 116, 211, 272,
47, 275, 378, 769,
280, 307,
477, 776,
307, 777,
16, 28, 35, 727, 1122, 1171, 1241,
28, 31, 38, 48, 194, 511, 668,
31, 427,
34, 73, 324, 799,
826, 1276,
31, 1327,
198, 511,
511, 641,
95, 175, 511, 579,
28, 120, 712,
95, 120, 282,
326, 334,
216, 482, 1216,
245, 819,
188, 345, 589,
209, 826,
826, 1276,
198, 400,
175, 348, 400,
216, 483,
16, 83, 400,
426, 840, 1096,
47, 270,
135, 590,
477, 1088, 1263,
31, 307,
120, 859,
211, 826,
34, 1324,
45, 380, 823,
867, 873,
307, 498,
211, 293, 1223,
120, 123,
182, 473,
73, 307,
307, 427, 705,
194, 216,
182, 307,
307, 511,
566, 570, 656,
16, 38, 73, 175, 590,
198, 895, 1263,
73, 95, 511, 727, 1245,
426, 773, 1263,
95, 904,
38, 116, 123, 477, 906,
71, 635,
295, 850,
28, 307,
272, 307,
104, 175, 915,
198, 344, 1069,
426, 1316,
16, 28, 175, 590,
229, 930,
95, 213, 511, 589,
641, 934, 1076,
28, 38, 428, 551, 1235, 1263,
34, 238,
47, 590,
16, 38, 123, 372, 426,
31, 344,
45, 1327,
31, 307, 524,
28, 34, 73,
53, 182,
30, 428,
570, 934,
47, 483,
483, 511, 853,
45, 344,
34, 47, 213, 426,
29, 47,
73, 200, 985,
28, 38, 987,
45, 200, 850,
213, 378,
73, 881,
466, 777,
71, 996,
31, 428, 443,
47, 105, 358,
426, 511,
47, 1007,
662, 823,
110, 146,
47, 95, 307, 1263,
28, 34, 675, 1014,
45, 389, 427,
165, 777, 1015,
272, 1325,
28, 105, 307,
34, 511,
104, 344, 590,
34, 198,
211, 466,
105, 116, 617,
28, 34,
307, 1035,
1220, 1241,
1045, 1205,
147, 466,
213, 466,
38, 198, 1051,
123, 482,
73, 307,
459, 1087,
95, 483,
307, 1285,
34, 52, 334,
47, 216, 313,
47, 213, 1015,
38, 563, 625,
216, 996,
292, 641,
47, 110, 211,
47, 116, 1068,
307, 1106,
95, 216, 647,
198, 823,
307, 358,
213, 307,
116, 328, 523, 905, 1074,
34, 483,
31, 1271, 1311,
1080, 1082,
35, 165, 654,
42, 1093,
466, 477,
47, 344, 1222,
34, 95, 295,
16, 28, 426,
28, 35, 83,
28, 120, 175,
993, 1107,
253, 1093, 1325,
95, 182,
510, 1118, 1299, 1317,
194, 1116, 1263,
28, 45, 47, 381, 400,
47, 213,
116, 292, 1263,
38, 201, 466,
34, 45,
275, 292, 345,
833, 910, 1138,
28, 116,
73, 116, 1246,
15, 38, 73,
30, 34, 668,
45, 73, 292, 881,
198, 635, 1205,
426, 1087,
201, 307,
34, 1148,
227, 1140,
34, 83, 116,
45, 53, 116, 1143, 1263,
378, 427,
34, 700,
105, 1143, 1153,
292, 400, 1154,
173, 736, 1155,
45, 198, 238, 613,
466, 482, 1263, 1363,
203, 1140,
184, 326,
42, 78, 471,
45, 269,
16, 28, 524, 668, 1076,
334, 727, 1241,
47, 105, 175, 1116, 1263,
45, 74, 400, 1169,
15, 35,
45, 123,
95, 123, 194, 1153,
20, 71,
227, 330,
47, 73, 1169,
198, 213,
45, 71, 123, 198,
15, 73,
727, 1263,
16, 1263,
31, 45, 47, 1198,
1051, 1324,
122, 655,
35, 38,
47, 120, 173, 182,
45, 842, 987,
47, 307,
34, 105, 147, 1076,
34, 38, 123,
105, 646,
147, 1362,
47, 1343,
28, 31,
10, 229, 477,
182, 472, 530,
477, 893, 1226,
182, 477,
15, 34, 1294,
198, 1082,
344, 1245,
28, 123, 722, 1263,
28, 881,
175, 1239,
28, 45, 334, 1263,
38, 1263,
83, 307,
45, 400, 600,
198, 1294,
34, 334, 1166,
482, 860,
45, 1259,
20, 34,
16, 38, 307, 524,
72, 216,
38, 122, 307, 513, 635,
175, 378,
45, 789,
15, 47, 668,
15, 47, 73, 175, 769,
28, 45, 47, 860, 877,
307, 1362,
551, 647, 1087, 1150,
53, 551, 727, 1271,
45, 194, 1245,
198, 881,
270, 597, 1291,
1293, 1297, 1307,
173, 216,
38, 45, 151,
211, 625,
47, 116,
45, 47, 116,
34, 1076,
245, 1317,
31, 45, 194,
34, 45, 47, 1087, 1241,
28, 307,
73, 1133,
38, 1047,
295, 1244,
198, 344, 687,
426, 1276,
45, 307,
38, 45, 47, 842,
31, 95,
52, 306,
789, 1263,
45, 344,
116, 198, 1341,
466, 847,
34, 120, 175,
73, 79,
17, 469,
116, 173, 216, 443, 1263,
18, 182,
18, 762, 1107,
16, 178,
45, 1080,
45, 194, 904,
198, 292,
36, 47, 147,
476, 585,
122, 182,
61, 151,
95, 1244,
47, 67,
17, 165, 469, 967,
35, 1087,
45, 116,
30, 292, 466,
10, 198,
47, 95,
38, 182,
15, 28, 47, 1085,
16, 38, 83, 292,
182, 1288,
116, 400, 1116,
148, 272,
905, 1276,
74, 466, 523, 1263,
73, 511,
34, 334,
47, 477, 915,
20, 79, 426,
198, 523,
79, 147, 169,
47, 79, 120, 183, 307,
28, 47, 175, 1095, 1263,
334, 850,
34, 483, 1074,
38, 120, 477,
31, 45,
16, 28, 479,
426, 1271, 1276,
292, 358,
83, 344,
78, 211,
235, 301, 347, 466,
235, 426,
34, 207, 658,
47, 120,
16, 122, 426, 1021,
22, 31,
619, 1244,
47, 120, 147, 268,
95, 274, 570, 1205,
277, 279, 307,
28, 31, 45, 428,
73, 466, 1036,
95, 358,
34, 79,
213, 428,
300, 466, 643,
198, 1155,
95, 511, 609,
88, 190,
16, 28, 123, 1241, 1271,
34, 38, 395, 1246,
190, 275, 307, 349,
334, 363, 483,
45, 120,
34, 95, 120,
28, 47,
95, 511,
47, 307, 379,
28, 426,
403, 483,
408, 409,
307, 411,
147, 198,
28, 105, 428, 523, 745,
15, 123, 194,
445, 570,
120, 123, 182, 428, 450,
211, 455,
47, 79, 328,
110, 1112,
47, 140,
122, 200, 426,
31, 95, 213,
588, 593,
447, 1093,
216, 300, 1034,
34, 777,
38, 426,
45, 74, 344,
28, 48, 426, 516,
523, 1263,
45, 47, 198,
15, 120, 428, 1271,
53, 88,
175, 1271,
28, 426, 677,
131, 1095,
47, 116, 619,
216, 274, 619, 1205,
95, 398, 1263,
28, 426,
122, 588, 639,
31, 104, 198,
345, 466,
47, 219,
47, 334,
47, 840,
1093, 1249,
47, 337, 1271,
122, 837,
147, 426,
28, 194,
198, 475, 618,
47, 337, 426,
38, 466, 483, 511, 706,
79, 292, 523,
79, 578, 636, 777,
105, 850,
31, 56,
211, 744,
47, 95, 120,
71, 483,
213, 593, 1245, 1276,
334, 469,
211, 1256,
47, 400,
73, 279, 466,
144, 190,
79, 466,
31, 190, 198,
670, 727, 955, 1271,
28, 45, 426, 681,
295, 849, 1263,
120, 409,
198, 334, 445,
28, 35, 47, 175, 428, 737, 1313,
377, 428,
116, 190, 292, 466, 939,
83, 104, 426,
31, 182,
95, 466,
73, 495,
73, 409, 711,
79, 409,
34, 408, 760,
307, 466,
28, 400, 939,
198, 727,
15, 95, 120, 741,
120, 175, 717,
95, 451,
16, 426,
56, 169, 550,
34, 344,
47, 73,
31, 104, 182, 183,
31, 211,
426, 1008,
270, 439,
200, 284,
198, 445,
426, 1024, 1353,
34, 466, 477, 483,
198, 775, 1003,
20, 727,
47, 344,
120, 363, 1306,
47, 428, 727,
31, 1231,
922, 1045,
510, 900,
120, 123, 814,
45, 214,
120, 182, 654,
151, 654,
34, 835, 1241,
28, 836, 1271,
31, 585,
117, 194, 479, 862,
31, 47, 984,
53, 426,
428, 1033,
426, 874,
53, 175, 426, 882, 1271,
105, 539, 1220,
392, 466,
34, 344, 1193,
97, 211, 1361,
47, 122, 902,
28, 123, 907,
469, 654, 773,
523, 911,
211, 358, 426,
16, 38, 1112,
79, 182, 917,
38, 47, 175, 194, 1271, 1291,
45, 47, 175, 926, 1241,
224, 929, 932,
165, 654,
182, 1244,
171, 285,
16, 38, 390, 426, 1112,
917, 929,
53, 213, 426,
34, 47,
83, 275,
171, 211,
16, 28, 31, 38, 123,
628, 1232,
973, 975,
34, 182,
28, 917, 980,
334, 466, 981,
358, 402,
31, 198,
34, 292, 466, 991,
34, 213, 358, 992,
28, 35, 306, 479,
620, 917, 997,
917, 999, 1271,
38, 173, 292,
16, 38, 194, 926,
45, 47, 991,
15, 45,
123, 138, 1006,
106, 116, 358,
16, 28,
312, 900,
31, 466,
45, 358, 1019,
1160, 1241,
28, 1025, 1115,
123, 426, 900, 1087,
515, 1030,
35, 123, 426,
123, 609, 905,
358, 1037,
213, 292,
34, 147, 1049,
122, 216,
28, 47, 79, 225, 344, 1050,
147, 334,
122, 175, 344, 381, 1030, 1271,
28, 88, 1037, 1059,
171, 207,
504, 928,
34, 198,
73, 207, 585,
292, 466, 1070,
1071, 1362,
292, 466,
45, 47, 175,
377, 1087, 1112,
151, 213, 285, 524, 873, 1271,
34, 617, 836,
123, 426, 836, 1087,
16, 31, 151, 229, 1049,
16, 469,
991, 1271, 1281,
344, 1271,
83, 213, 358, 1097,
28, 123, 428,
31, 38, 1104,
270, 292, 466,
47, 331, 426,
16, 1241,
116, 211, 1110,
35, 122, 200, 211, 428, 463, 1335,
426, 641, 882,
15, 73,
47, 905,
73, 213, 529, 992,
31, 176, 1086,
47, 105, 120, 194, 1087, 1271,
34, 95, 1271,
175, 426, 1123,
28, 194, 600,
47, 211, 636,
35, 123, 428, 564,
45, 117, 1026,
34, 292,
34, 850,
45, 213,
31, 781, 973,
95, 504,
28, 275, 720, 902,
45, 593,
171, 1156,
38, 836,
45, 1019,
73, 466, 1162,
1167, 1170,
95, 654,
34, 1178,
73, 275, 1006,
31, 45, 1006,
211, 1180,
38, 175,
1087, 1187,
28, 47, 426, 1087,
35, 38, 902,
34, 95, 964, 1348,
16, 28, 38, 426,
45, 95, 609, 1271,
182, 1034,
34, 105, 609,
28, 211, 585,
73, 1087,
1209, 1211,
211, 1217, 1271,
47, 381,
147, 292, 1219, 1244,
16, 175, 1178,
28, 34,
31, 1271,
426, 1225, 1227,
194, 213, 1006,
16, 83, 590, 1271,
270, 602,
207, 426, 902,
28, 1037, 1219,
823, 980,
73, 1361,
45, 426, 942,
180, 1093,
122, 1087,
34, 1241,
120, 175,
198, 1248,
31, 504,
28, 31, 47,
194, 469,
38, 95, 392,
15, 28,
16, 38, 1264,
358, 1268,
31, 95, 1241,
83, 1280,
198, 823, 1284,
523, 531,
95, 766, 823,
29, 34, 1040,
151, 1054,
120, 880, 893,
38, 426, 428, 893, 1271,
95, 654, 1219,
95, 654,
15, 105, 194, 1263,
47, 1325,
198, 1329,
88, 368,
73, 448, 654,
45, 116, 874,
495, 1295, 1338,
483, 1342,
110, 381, 590,
34, 198, 213,
38, 45, 194, 1360, 1364,
30, 293,
120, 292,
73, 292,
16, 83, 123, 426, 905,
47, 116, 872,
5, 45, 151,
216, 585,
56, 117, 175,
16, 38, 47, 83, 590,
21, 213, 306,
350, 905, 1149,
24, 30, 47,
45, 95, 654,
38, 47, 175, 1361,
345, 1005,
76, 483, 1208,
905, 938,
89, 147, 207, 654, 1263,
47, 79, 175, 905,
53, 105, 213, 905,
31, 549, 820,
28, 47, 103, 194,
31, 121, 128,
120, 511,
133, 426, 905, 1087,
426, 905,
47, 53, 536, 590,
103, 149, 426,
31, 475,
53, 382, 511, 905,
34, 158, 334, 466,
466, 820,
1252, 1278,
35, 216, 306, 428,
307, 727, 1171, 1271,
47, 53, 151,
35, 45, 307,
334, 523,
210, 905,
5, 523, 905,
11, 223, 1264,
47, 231, 334,
47, 232, 344, 905, 1271,
47, 462, 1087,
95, 150, 334, 905,
593, 833, 1240,
395, 466, 1244,
28, 53, 905, 1271,
259, 981,
283, 905,
158, 466,
73, 292,
38, 1121,
318, 320, 874,
727, 1271,
16, 38, 73, 188, 985,
53, 1241, 1271,
165, 292,
34, 45,
375, 1044,
38, 194,
35, 426, 905, 1271,
905, 1263,
47, 438,
45, 121,
334, 905,
358, 1220,
426, 895,
42, 828,
53, 105,
53, 175, 344, 426, 905,
47, 344,
53, 490, 905,
38, 96, 116, 125, 1087,
11, 73,
34, 1071,
34, 224, 318,
45, 224, 466,
591, 905,
334, 526, 530, 537, 1266,
88, 224,
175, 585,
123, 207,
45, 524,
175, 344, 426, 554,
120, 560, 774,
270, 719,
73, 534,
73, 569,
95, 523,
28, 905, 1361,
426, 582, 590,
15, 28, 194, 426,
216, 426,
292, 306,
53, 95, 147, 606, 608,
123, 727,
108, 116, 216,
45, 213, 615, 1068,
45, 426, 619, 623,
38, 384, 523, 803,
123, 426, 523, 905,
334, 1235,
28, 35,
122, 344,
53, 1241,
655, 657,
45, 426,
53, 905,
53, 213, 985, 997,
31, 53,
15, 28, 120, 511, 924, 1322,
466, 601,
34, 328,
194, 549,
38, 755, 905, 1087, 1263, 1271,
213, 1263, 1271,
381, 693, 1087,
175, 929,
45, 47,
38, 585,
426, 714, 1244,
296, 490, 905,
15, 355, 426,
105, 171, 1263, 1271,
426, 600, 862, 905,
116, 392,
53, 270, 532, 905,
73, 213,
344, 426, 511, 895,
45, 381, 426, 590, 1358,
45, 179, 466,
79, 814,
1087, 1244, 1263,
15, 29, 45, 905, 1087,
47, 53, 1012,
216, 810, 1322,
73, 426,
355, 426,
53, 1271,
16, 331, 344,
28, 35, 123, 1271,
95, 198, 466, 808,
38, 45, 47, 811, 836,
73, 79, 181,
426, 905,
175, 426,
727, 826, 905,
28, 45, 905, 1087,
682, 849,
213, 252, 523,
38, 83,
116, 211, 336,
905, 1154,
45, 344, 893,
229, 585, 717, 905, 1329,
144, 549, 1198,
483, 511,
73, 306, 985,
120, 560, 1244,
28, 123,
123, 295,
123, 175, 1358,
35, 116,
122, 657,
590, 905,
53, 73, 79, 156,
469, 654, 932,
28, 73, 985,
28, 73,
31, 1271,
175, 213, 730, 991, 1271,
47, 194, 905,
73, 95,
596, 1348,
1003, 1329,
83, 1361,
426, 961,
68, 1156,
120, 654,
16, 213, 969,
53, 477,
73, 905, 1263,
73, 213, 743, 983, 1263,
45, 554, 582, 1263,
211, 249,
45, 1267,
47, 275, 905,
905, 1009,
30, 905, 1012,
88, 211, 905,
79, 88,
47, 116,
47, 344, 1043,
288, 289, 654, 1119,
381, 969,
38, 211, 213, 1123,
28, 123, 213,
165, 654,
165, 905,
28, 641,
95, 569, 1061,
585, 904, 937,
120, 1063,
34, 207, 334, 1087,
53, 105, 213, 1187,
95, 378,
123, 194, 213, 514, 602, 893, 1208,
328, 1078,
216, 910, 1070,
95, 344,
47, 428, 638,
34, 1098,
511, 1098,
5, 45,
24, 38, 123,
34, 79, 1226,
5, 116,
475, 628,
31, 96, 116,
213, 590,
194, 483,
38, 344,
47, 103,
34, 123, 182, 213, 905,
175, 1013, 1263,
358, 1020, 1125,
38, 905, 1087, 1263,
175, 483,
47, 53, 231, 1271,
213, 1087,
1134, 1263,
11, 602,
45, 207, 905, 1138,
11, 905,
213, 344,
53, 73, 123, 213, 292, 420,
45, 320, 905,
126, 334,
45, 53, 905, 1078,
229, 469, 654, 1158,
426, 905, 1087,
83, 426, 482,
593, 1271,
270, 346,
194, 1263,
34, 905,
45, 378,
194, 1271,
47, 1195, 1271,
1087, 1205,
31, 95, 905,
116, 344, 1069,
45, 1206,
490, 905, 1206,
15, 16, 38, 45, 194, 479,
35, 123,
73, 585,
905, 1214,
216, 524,
426, 1206,
38, 428,
28, 182, 1214, 1263,
28, 38, 83, 123, 905,
83, 123, 213,
263, 905,
45, 1249, 1250,
45, 88, 334,
292, 905,
466, 483,
28, 120, 428,
31, 809, 1087,
28, 58,
45, 122, 1261,
123, 211,
56, 175, 1097,
34, 53, 110, 208,
30, 35, 47, 428,
45, 549, 1263,
95, 175, 355, 1094,
50, 902,
53, 213,
67, 466,
95, 426,
38, 344, 755,
83, 123, 1226,
16, 38, 45, 123, 194,
110, 344,
466, 1319,
58, 378,
45, 229, 400, 932,
38, 816,
123, 194, 1334,
83, 426,
175, 905, 1324,
95, 375, 1284,
29, 213,
78, 245,
534, 981, 1359,
1087, 1094, 1214,
1087, 1232, 1329,
997, 1307, 1365,
175, 1087,
334, 469,
28, 35, 83, 216, 905,
28, 47, 194,
38, 123, 194, 1162,
38, 808, 1271,
123, 426,
165, 410, 1087,
95, 1052, 1261,
54, 96, 902,
73, 1078, 1263, 1281,
213, 905,
151, 905,
216, 623, 905,
344, 905,
213, 348,
79, 511,
47, 91, 213,
213, 511, 933,
45, 344, 654,
91, 120, 654,
45, 79,
182, 292,
95, 207,
145, 175,
123, 905,
34, 602,
276, 534, 905,
165, 654,
42, 71,
95, 175, 1271,
189, 194, 344,
198, 438, 990,
198, 400, 1158,
45, 905,
88, 466,
905, 967,
15, 205, 606, 1087,
73, 89,
212, 1329,
95, 218, 1087,
11, 34, 711,
38, 88,
31, 358, 428, 1241,
455, 905,
213, 1271,
31, 88,
38, 905,
198, 216,
816, 1329,
83, 216,
11, 511,
76, 990,
15, 35, 237, 428, 1241,
71, 182, 1085,
11, 602, 1157,
34, 45,
31, 216,
88, 1040,
38, 697,
95, 654,
95, 135, 211,
53, 523, 847,
47, 578,
16, 38, 47, 962,
426, 665,
88, 182, 190, 295,
79, 211, 408,
73, 79, 182, 641, 718,
96, 1112,
28, 123, 147, 426,
34, 198, 521,
47, 120,
10, 275, 466,
411, 507, 1263,
31, 120, 149, 784,
681, 1362,
213, 905,
10, 149,
1103, 1244,
190, 216,
105, 466, 540,
95, 400,
47, 198,
35, 426,
31, 575, 1034,
28, 381,
30, 38, 47, 213, 905,
213, 663, 1299,
35, 420, 479, 594,
634, 1013,
83, 358,
116, 213,
495, 697,
921, 1263,
147, 1157, 1268,
45, 79, 198, 211,
120, 123,
77, 485, 1081,
95, 420,
73, 190,
64, 200, 710,
95, 477, 705, 1264,
175, 334, 602,
641, 688, 880,
194, 1348,
11, 73, 1162,
466, 823, 995,
83, 175, 477, 699,
41, 209, 1255,
175, 511, 699,
28, 175, 713,
232, 880,
592, 868, 1280,
45, 624,
34, 905,
175, 867,
53, 285,
106, 334,
116, 175, 387, 1280,
334, 387, 766,
28, 35, 275, 295, 426,
116, 641,
34, 123, 727,
128, 426, 1263,
47, 727, 1331,
269, 306,
213, 511,
116, 344,
803, 826, 1276,
34, 120,
83, 123,
47, 1360,
182, 216,
16, 30, 151, 479, 590,
95, 229, 1355,
239, 272,
95, 110, 575, 1263,
334, 1329,
213, 454, 466, 511,
753, 1089,
73, 688,
116, 379,
34, 116,
107, 216,
45, 104, 198, 511,
211, 1295,
45, 79, 116, 211, 906, 1329,
47, 1324,
47, 182, 211,
47, 53,
381, 511,
95, 1300,
213, 292,
95, 850, 950,
47, 53, 117, 1077,
1223, 1263,
34, 47, 507,
288, 295, 523, 654,
95, 165, 654,
47, 307, 426, 727,
307, 511, 523, 972,
66, 190, 307,
123, 175,
116, 551, 984,
328, 344, 1257,
16, 28, 123, 420,
88, 1034, 1263,
426, 455,
83, 110,
34, 334,
424, 477, 1220,
177, 590, 1032,
213, 285, 292, 1263,
477, 516, 591,
175, 190,
585, 774,
213, 380, 641,
426, 1280,
16, 47, 207, 590, 760,
213, 746, 1268,
88, 175,
120, 727, 826, 1276,
198, 334, 1346,
47, 116, 187, 211, 668,
73, 213, 766,
38, 298,
47, 1244,
45, 1329,
31, 47, 1084,
585, 1359,
38, 344,
344, 727, 972,
120, 585, 1091,
47, 292, 585, 609,
144, 272,
16, 38, 123, 395, 590,
47, 688,
95, 307,
688, 880,
73, 185, 332,
88, 307,
38, 47,
47, 116,
16, 83, 190, 1118, 1241,
272, 475,
298, 469, 1172,
95, 387, 1126,
38, 162, 1131,
95, 146,
216, 307, 581,
426, 540,
38, 218, 426,
34, 190, 516,
117, 211,
16, 38, 426,
34, 585,
28, 123,
112, 1322,
1161, 1163, 1322,
307, 1174,
34, 466,
213, 1185, 1322,
28, 53, 1186, 1244, 1271,
211, 1076,
47, 53, 654,
95, 1300,
275, 905,
42, 334,
47, 147,
35, 38, 835,
9, 165, 654,
116, 590,
47, 198, 1126,
16, 112, 123, 1230,
47, 194, 1234,
105, 112, 194, 1238, 1322,
1055, 1272,
95, 187, 905,
95, 627,
35, 463, 479,
189, 1262,
112, 295,
105, 905, 1265,
295, 1087, 1322,
254, 334, 727,
28, 275,
34, 53,
73, 175, 213, 229,
216, 753,
105, 122, 1065,
29, 53, 1313,
165, 654,
324, 344, 1316,
112, 213, 466,
53, 112,
28, 34, 123, 219, 272, 426, 1295,
105, 737, 1332,
73, 1351,
405, 427, 1354,
1, 31,
35, 123,
16, 30, 35, 194, 358, 1076,
31, 112, 1087,
14, 112, 120, 295, 358, 1186,
105, 215, 358, 428,
45, 122,
122, 392, 404,
41, 60,
112, 1244,
1087, 1186,
35, 120, 426, 469, 1133, 1271,
73, 112, 950, 1163,
16, 83,
16, 112, 628,
175, 469,
73, 116, 194, 207, 776,
47, 147,
443, 905, 1059,
122, 198,
34, 157, 211,
1, 122, 198, 1171,
34, 38,
198, 1234,
45, 116,
34, 229,
195, 219, 428, 823,
47, 151,
50, 466, 1008,
53, 95, 229, 1322,
16, 35, 38, 1271,
483, 965,
123, 426, 1087,
617, 1089,
211, 281, 348,
34, 466,
28, 35, 420,
47, 358,
543, 1322,
16, 28, 53,
73, 83, 369,
28, 175, 1014,
182, 326, 1234,
16, 28, 195, 373, 391,
211, 634, 700,
147, 1091,
198, 322,
1087, 1322,
449, 1354,
15, 755, 905,
1087, 1134,
1076, 1087, 1322,
16, 53, 60, 83,
112, 457, 459, 460, 1087,
28, 334,
16, 38, 45,
88, 131, 157,
344, 700,
16, 53,
34, 591,
16, 28, 194, 512, 590,
198, 373, 378,
73, 713,
116, 211,
187, 344, 519,
542, 1087, 1322,
47, 77,
277, 654,
574, 815,
804, 899, 900,
229, 344,
47, 1241,
28, 47, 177, 194, 629,
292, 649,
95, 414, 469,
358, 1225,
30, 275, 808,
112, 660, 1351,
112, 358, 646, 1277,
16, 28, 38, 120, 213, 219, 469,
53, 711, 1276,
120, 426, 888,
16, 426, 826, 1241, 1312,
28, 35,
112, 292, 694,
115, 1087,
344, 649, 905,
223, 423,
16, 31, 35, 213, 426, 1138, 1241,
11, 112,
34, 122, 182, 334, 426, 726, 731,
34, 210,
34, 123, 426,
16, 38, 47, 112, 194, 649,
804, 1220,
31, 35, 38, 1241,
83, 426, 793,
38, 112, 426, 793,
805, 1013,
255, 793,
16, 38, 83, 123, 428,
702, 831,
28, 426, 460, 793, 834, 905,
211, 460, 1241,
460, 851,
32, 460, 1351,
16, 28, 53, 73, 123, 426, 460, 793, 905,
460, 866,
460, 1304,
32, 602,
16, 194, 590,
16, 426, 714, 727, 1241,
73, 373,
213, 373,
32, 182,
426, 590,
426, 571, 955,
213, 373,
16, 123,
79, 370,
28, 426,
53, 334,
95, 194, 1333,
373, 494, 905,
88, 211, 970,
16, 28, 426, 971,
38, 457, 460,
428, 477, 641, 1087,
428, 494,
73, 426, 616, 1018,
460, 1102,
96, 823,
31, 466,
334, 469, 773, 1133,
378, 654, 1058,
95, 177, 654,
182, 1067,
95, 344, 1351,
123, 177,
16, 38, 460,
654, 1086, 1351,
83, 123, 194, 426, 460, 1090,
334, 1351,
73, 88,
15, 47, 213, 654, 1040,
88, 1101,
428, 1271,
31, 38, 460, 1111,
618, 1113,
16, 654,
28, 38, 47, 654, 1117,
112, 460, 1058,
38, 116,
112, 464,
112, 1076, 1310,
122, 905,
112, 123, 426, 727, 1087,
53, 284, 539,
198, 1159,
47, 905, 1181, 1351,
34, 268, 654, 1186,
34, 334, 1322, 1332,
182, 1029,
459, 600, 1310,
339, 1322,
28, 47, 1203,
120, 175, 469,
213, 917,
654, 1322,
16, 28, 83, 426,
198, 216,
295, 426,
602, 654, 893,
16, 38, 426,
15, 123, 131, 213, 905, 1254,
34, 216, 1332,
73, 1255,
447, 654,
1241, 1273,
893, 1282, 1351,
378, 427,
28, 38, 123,
1100, 1271,
31, 654, 793,
53, 1322,
352, 427, 1318,
849, 1243,
426, 588,
7, 373,
8, 112, 893,
12, 28,
25, 312, 469,
259, 1186,
51, 53, 79, 128, 1322,
95, 213, 654,
67, 326, 557,
122, 328, 344, 790,
34, 1276,
16, 83, 129,
466, 654,
216, 1276,
34, 151, 160,
47, 211, 213, 946,
213, 301, 823, 1181,
92, 96, 641,
905, 1241, 1244,
122, 123, 654, 1241,
115, 122, 175, 236, 1241, 1322,
53, 358, 654,
31, 45,
53, 105, 654,
73, 120,
295, 395, 1275,
175, 466,
12, 122, 1244,
358, 1263,
112, 1244,
1161, 1203, 1322,
905, 1244,
95, 413, 466,
38, 53, 1322,
275, 453, 1322,
15, 45, 95, 426, 852, 1241,
31, 112,
53, 1263, 1271,
35, 213, 369, 737, 917,
34, 345, 1048, 1243,
466, 654, 1158,
182, 426, 520,
400, 654,
112, 1322,
194, 466, 905, 1322,
34, 426, 466,
207, 955,
207, 1322,
53, 112,
34, 112,
1087, 1286,
35, 295, 976,
122, 198, 537,
483, 1071,
34, 922,
38, 466, 1127,
334, 1076,
122, 175, 348,
28, 334, 571, 1241,
198, 326, 1322,
165, 683,
45, 690,
112, 211, 696, 1322,
47, 211, 1322,
358, 646,
83, 426,
123, 213, 479, 1334,
294, 334, 539,
270, 585,
650, 1113,
47, 112, 761,
34, 38, 772, 1322,
95, 105, 801,
216, 654,
427, 469, 654, 822,
8, 893, 1244,
1234, 1241, 1244,
28, 1087,
15, 112, 1087,
45, 123, 216, 466, 839, 1087,
852, 864,
95, 764,
358, 590,
88, 213, 344,
88, 885, 1025, 1056,
28, 31,
198, 334, 897, 1225,
8, 28, 344, 373,
28, 1244, 1322,
47, 624,
16, 28, 30, 38, 194,
151, 194, 845,
358, 574,
466, 1173,
31, 187,
426, 793,
466, 654,
175, 198, 654,
213, 654,
147, 151, 177,
727, 1100,
105, 344, 654,
31, 45, 175,
116, 426, 1000,
73, 905,
216, 654, 897, 905,
73, 660, 1310,
600, 693,
73, 79, 649,
79, 229, 1016,
34, 47, 1282,
47, 426,
53, 105, 808,
213, 466,
34, 45,
14, 1244,
344, 460,
30, 123, 426, 532,
95, 177, 602, 1322,
182, 292,
73, 213,
211, 1066, 1087,
95, 198, 747, 1333,
292, 817,
16, 47, 175, 590, 1271,
47, 211, 426,
112, 344,
28, 35, 47, 1007,
95, 1087,
73, 460,
45, 95, 151, 1087, 1114,
209, 922,
334, 1087,
334, 1136,
16, 120,
34, 198, 703,
209, 334,
209, 1142,
45, 62, 83, 175,
358, 1221, 1271,
175, 378,
334, 822, 1197,
28, 30, 358, 459,
88, 1151, 1207,
16, 28, 35, 73, 1241,
349, 460,
469, 654,
216, 464,
16, 34, 761,
28, 1334, 1351,
28, 45,
213, 270, 303,
852, 864,
177, 1367,
358, 1081,
361, 654, 1172,
905, 1351,
16, 147, 1203,
120, 344,
116, 306,
216, 1185,
58, 96, 198,
270, 905, 1322,
454, 905,
905, 1244,
47, 1087,
26, 449,
38, 334, 1066,
654, 905,
1041, 1234, 1241,
122, 590,
47, 426, 469,
53, 110,
654, 1020, 1114,
31, 793, 1241,
34, 95, 156,
16, 73, 194,
53, 1087,
45, 654,
16, 38, 47, 83, 175, 426, 1362,
145, 239,
426, 483,
38, 45,
116, 213, 1145,
38, 45, 207,
207, 1310,
38, 83, 373,
213, 523,
211, 229, 334, 520,
34, 229,
182, 1322,
35, 1322,
88, 207, 1353,
53, 95,
34, 1066, 1322,
45, 654,
47, 120, 175,
16, 28, 1234,
590, 1244,
211, 683,
53, 466,
95, 1087,
34, 79, 112, 229, 703,
95, 198,
73, 1001,
213, 466, 1087,
31, 1087,
609, 654, 1087,
53, 1087, 1254,
38, 123, 1203,
16, 38, 1364,
79, 590,
207, 885,
400, 469,
28, 53,
15, 16, 28, 105, 213, 573, 590,
194, 654, 671, 1087,
165, 1141,
83, 207,
16, 38, 426, 428, 463,
216, 443,
34, 207, 645, 1241,
31, 53,
31, 741, 1151,
156, 213, 460, 590,
34, 95,
198, 602,
175, 663,
151, 194, 1087,
28, 120, 674,
45, 53, 749, 1250, 1263,
37, 175, 272, 905,
983, 1197, 1342,
16, 95, 105, 460, 590,
198, 654,
38, 45,
35, 38, 428,
15, 509, 612,
16, 47, 715,
95, 96, 905,
45, 921, 1271,
88, 198,
16, 28, 38, 194, 583,
344, 520, 955,
45, 1220,
834, 1076, 1322,
31, 216,
34, 1341,
38, 47, 129,
28, 426, 727, 1325,
160, 905, 1322,
213, 526, 1202,
47, 295,
865, 1186,
47, 822,
209, 427,
268, 334, 1087,
34, 396,
216, 654,
47, 654,
426, 479,
493, 1322,
198, 700,
88, 850,
38, 47, 715,
175, 654, 1117,
382, 1183,
28, 943, 1082, 1133, 1241, 1271,
30, 229, 536,
28, 95, 1180,
34, 1322,
73, 536, 1271,
83, 817,
38, 469, 1271,
79, 823,
95, 590,
28, 147, 621,
95, 849, 1322,
16, 120, 493,
16, 31, 53, 147, 479, 590, 1271,
211, 1271,
182, 426,
211, 1214,
482, 1271,
147, 504, 536,
35, 1333,
45, 1099,
147, 211, 216,
112, 504,
35, 729, 1271,
175, 1120,
905, 1197, 1342,
524, 585, 1132, 1194,
536, 1137,
38, 112,
34, 147, 426,
53, 147, 426, 536, 799,
175, 216, 585,
88, 466,
211, 1271,
16, 105, 270, 466, 590, 1199, 1271,
28, 194, 536,
292, 536, 1218,
95, 344,
116, 536, 999,
88, 775,
16, 45, 126, 344,
79, 1260, 1271,
95, 120, 1006,
28, 38, 536, 987,
654, 1349,
536, 1272,
216, 381, 536, 1289,
117, 536,
53, 95,
53, 95, 536, 1123, 1271,
95, 175, 1280,
334, 536, 641, 1034,
28, 123, 175, 211, 381,
207, 392,
45, 53,
45, 654,
427, 750, 1335,
47, 77,
88, 147,
53, 466, 981,
211, 428,
79, 80, 587,
123, 426, 1021, 1271,
79, 499, 510, 1271,
194, 292,
28, 73, 164, 1211,
28, 381, 426,
35, 1111, 1271,
16, 38, 1364,
62, 307, 1271,
344, 649, 1087,
16, 105,
16, 213,
38, 175, 896,
654, 726, 731,
96, 211, 1263,
45, 51, 358,
34, 1271,
47, 216, 428,
393, 1273,
207, 393,
182, 727, 1203,
122, 797,
151, 358, 957,
489, 983,
28, 237, 1087,
165, 654,
45, 194,
21, 28, 122, 381, 1087,
73, 466,
47, 95, 536, 649,
28, 123, 426, 463, 728, 781,
77, 427,
31, 1236,
35, 427,
466, 1355,
47, 216,
28, 123, 182, 536, 597, 1138,
26, 34,
29, 123, 651,
106, 426, 1211,
106, 1131,
344, 678,
45, 466,
45, 211, 466,
28, 1271,
45, 95, 1271,
1087, 1271,
34, 344,
147, 851, 1120,
105, 171,
16, 28, 34, 38, 164, 1087,
83, 426,
147, 348,
1087, 1229,
54, 1112, 1263,
16, 38, 47, 106, 123, 1289,
151, 1180,
28, 275,
175, 270, 482, 1271,
283, 425,
34, 175,
115, 288, 469, 654, 1082,
34, 116, 147, 536,
73, 120, 1271,
47, 426, 907, 1271,
35, 45,
95, 147,
536, 1003, 1271,
165, 654, 1132,
378, 905,
73, 229,
358, 602, 1180, 1260,
198, 536,
151, 175,
34, 45, 95,
536, 1218,
38, 536,
358, 483,
16, 38, 590,
28, 164, 602,
31, 95, 216, 536,
45, 536,
95, 927, 1087, 1331,
536, 700,
198, 536, 1332,
536, 1053,
68, 805,
34, 198, 1055,
117, 175,
34, 147,
466, 593, 1017,
80, 1105,
400, 654, 1105,
88, 1101,
292, 545, 666,
16, 38, 174, 426, 590, 1271,
198, 1197,
400, 1278,
427, 602, 1172,
16, 83, 175,
34, 175, 831,
53, 182,
34, 831, 1067,
45, 1267,
95, 654, 1172,
447, 1087,
45, 216, 1021,
175, 917,
141, 1099,
148, 651,
182, 866,
73, 1156,
462, 1300,
943, 1271,
95, 536, 660, 1087,
602, 1355,
28, 1006,
16, 95, 175, 1260,
95, 1087,
229, 536,
34, 536,
536, 608, 654,
34, 536, 1155,
216, 1006, 1271,
11, 73,
38, 198, 1087, 1289,
73, 1087,
23, 53, 1087,
175, 536,
895, 1220,
175, 469,
28, 175, 1271,
1180, 1271,
602, 1271,
171, 524,
165, 654,
211, 1009, 1244,
45, 198,
88, 207,
272, 1087, 1138,
426, 917, 1217,
120, 381, 609, 1133,
73, 198,
177, 207,
536, 1355,
53, 524, 1034,
34, 307,
536, 1199,
211, 536,
38, 83, 524, 1034,
428, 601, 924, 1338,
45, 292,
95, 524,
104, 615, 1164,
358, 524,
447, 629,
95, 536, 622,
31, 147,
47, 176, 307, 428,
73, 207, 499,
73, 213,
407, 466,
16, 45,
34, 95,
31, 88,
35, 246, 428, 564,
10, 428, 979,
47, 1322,
424, 616, 1235,
73, 648,
426, 427, 428, 1241,
34, 428,
426, 428, 737,
28, 104, 428, 686, 1241,
28, 381,
120, 216, 577,
131, 182, 1322,
28, 34, 38, 120, 426, 428, 1087,
15, 686, 707,
79, 719, 1241,
47, 83, 426, 724,
122, 1241,
16, 28, 428,
28, 198, 802,
28, 38, 123, 426, 813,
122, 428, 1241,
853, 1241,
53, 344,
47, 1241, 1322,
47, 428, 863,
28, 53, 428, 466, 1206,
428, 884,
73, 358,
344, 654, 905,
428, 602, 905, 1128,
28, 428, 549, 1241,
28, 426, 914, 1325,
120, 884,
35, 428, 923,
47, 211, 936, 940, 1241,
198, 905,
428, 549, 1241,
116, 895, 1155,
585, 977,
890, 1271,
211, 216, 270,
77, 78, 466, 1027,
965, 1055,
47, 200, 590,
29, 1054, 1062, 1087,
28, 47, 686, 1241,
79, 1241,
95, 544, 1241,
213, 1087, 1092,
16, 28, 38, 83, 358, 428, 686, 1241,
47, 344,
648, 1087,
466, 1322,
95, 1087, 1241,
28, 426,
122, 631, 905, 1141,
198, 213, 1322,
977, 1241,
624, 1087,
28, 47, 813,
31, 47,
1241, 1322,
16, 47, 426, 686,
83, 175,
83, 200, 426, 1220,
47, 428,
9, 242, 1240,
9, 511, 1087,
426, 1093,
31, 73,
373, 466,
236, 1311,
198, 654,
31, 105, 426,
15, 16, 28, 53, 123, 1321, 1323,
34, 213,
112, 634,
112, 1311,
35, 73, 1016,
47, 358, 902,
312, 1262,
28, 428,
53, 167, 428,
47, 83,
28, 35, 167, 193, 213, 590, 902,
28, 272, 737, 902, 950,
47, 53,
182, 217, 739,
466, 654,
213, 249,
95, 428, 537, 1241,
47, 95, 213, 358,
427, 1055,
287, 1194,
727, 1060,
727, 895,
47, 373, 981,
47, 966, 1271,
47, 295,
162, 486,
426, 496, 823,
105, 426, 1076, 1241,
35, 47, 727, 1241,
426, 523, 527, 590, 902, 1241, 1271,
45, 527, 823, 1241, 1244,
47, 426,
483, 924,
44, 182, 428,
31, 428,
115, 428,
200, 1229,
28, 45,
373, 1241,
167, 182, 527,
73, 679, 1347,
28, 426, 691, 1157, 1356,
213, 727,
28, 116, 426, 428, 1241,
45, 727, 923, 1241, 1351,
28, 45, 344, 426, 1271,
123, 249, 590,
334, 1288, 1322,
45, 426,
585, 1241,
47, 585,
727, 979, 1229,
112, 123,
15, 45, 104, 211, 1035,
28, 35, 358,
122, 216,
216, 1231,
28, 112, 147,
47, 194, 1087,
83, 123, 259, 426,
945, 949,
112, 295,
105, 924, 1246,
28, 358, 428, 1013,
123, 426, 1087,
45, 120,
47, 116, 1145, 1271,
158, 1231,
578, 1079,
83, 772,
16, 45, 83, 426, 1079,
38, 727,
270, 585,
654, 1176,
122, 802, 1087, 1322,
38, 45, 428,
45, 426,
426, 624,
45, 211,
198, 1270, 1274,
591, 707, 1241,
306, 1241,
42, 77, 1366,
182, 334, 1366,
426, 428,
45, 198,
216, 578, 964, 1231,
83, 1241,
95, 945,
470, 859, 895,
38, 1087,
213, 1231,
88, 120, 1079,
79, 1109,
34, 104, 123,
95, 1079,
120, 775,
117, 182, 334,
28, 35, 53, 467,
53, 1241,
45, 1322,
426, 428, 1241,
53, 1241, 1336,
466, 917,
122, 1241,
31, 1241,
426, 428, 491, 1087, 1241,
426, 428, 1241,
35, 47, 426, 590, 745,
187, 1241,
881, 1322,
28, 489, 652,
334, 483,
104, 426, 428, 479, 670, 1241,
207, 1322,
47, 701, 735,
47, 701, 735,
392, 1087,
112, 123, 187,
378, 400, 426,
34, 35,
45, 829, 1322,
16, 28, 35, 73, 213,
28, 381, 491, 1313,
1076, 1246,
38, 120, 359, 426, 428, 590, 1241,
28, 35, 426, 428, 590, 1241,
112, 899, 1244,
95, 426,
38, 428,
95, 828,
38, 123, 426,
28, 35, 428,
175, 426, 1241,
213, 428, 1322,
112, 122, 1322,
35, 95, 1322,
95, 120, 1024,
45, 1322,
116, 770,
116, 1073, 1322,
38, 280,
15, 122, 213,
30, 38, 124, 428, 466, 1229, 1271,
104, 1241, 1322,
34, 270, 1241,
38, 96, 213, 1229, 1271,
31, 96,
426, 466,
179, 181,
270, 668, 823, 905,
122, 123, 426, 1245,
38, 945,
112, 1241,
105, 112, 175,
829, 1087, 1270,
72, 272,
427, 1176,
122, 701, 1087,
47, 175,
120, 123, 250, 426, 701, 1245,
16, 28, 73, 79, 428, 622, 727,
1241, 1274, 1322,
78, 193,
353, 1241,
9, 242,
95, 1278,
88, 122,
95, 456,
147, 1032, 1271,
110, 950, 1241,
1241, 1318, 1322,
427, 819,
34, 79, 96, 655,
16, 655, 1271,
306, 1241, 1322,
77, 245, 905, 1128,
38, 213, 428, 905,
697, 1087,
35, 83, 104, 428, 856, 1087,
165, 1347,
116, 511, 905, 1136,
466, 905,
213, 358, 511,
28, 200, 426, 839, 1220,
83, 426,
45, 400, 654,
123, 213, 1241,
47, 105, 265,
428, 482,
16, 35, 426, 963, 1241,
16, 123, 426, 428, 905, 963,
15, 47, 263, 428,
110, 229, 428, 727, 1112,
31, 123,
45, 1205,
38, 426, 1108,
16, 83,
28, 151, 428, 1241,
16, 123, 211, 369, 426, 428, 1241,
216, 1220,
16, 53, 418, 823,
53, 122, 369, 428, 1189,
427, 727, 1192,
95, 945, 1220,
426, 450, 1228,
16, 30, 1241,
35, 147, 428,
123, 213, 426,
73, 1315, 1322,
724, 1220,
28, 47, 95, 426, 773,
47, 428, 940, 1087, 1241,
105, 120, 151, 426,
96, 140,
378, 1276,
176, 1322,
211, 420, 426,
73, 1063,
47, 344, 1315, 1322,
28, 31, 466, 494,
547, 672,
850, 1055,
112, 428, 590, 1024, 1128,
16, 28, 38,
73, 358, 525, 652, 1322,
38, 47, 1241,
83, 491,
28, 31, 167,
28, 35, 47,
34, 315, 1322,
200, 426, 428,
10, 16, 38, 420,
426, 905, 1000,
426, 614, 772, 1087,
654, 1278,
34, 105,
872, 1241,
426, 1241,
679, 1087, 1241,
182, 1241,
105, 757, 1241,
38, 1241,
45, 1241,
213, 1128, 1241,
207, 1241,
45, 1241,
16, 38, 47, 116, 129, 151, 200, 428, 469, 1241,
1087, 1241,
116, 727, 899, 1322,
122, 198, 426, 428,
73, 122, 466,
216, 1202,
47, 116, 1243,
47, 104, 426,
73, 791, 967,
211, 216,
307, 1137,
28, 47, 268, 800,
216, 823,
47, 213,
96, 1087, 1322,
16, 38, 120, 428,
53, 428,
77, 950,
16, 28,
28, 1128,
427, 466,
73, 474, 1271,
53, 428, 466, 590, 664, 1241,
22, 31, 198, 1322,
31, 466, 1238,
16, 426, 590, 902,
28, 38, 83, 167, 426,
95, 112, 1087,
207, 213, 902,
216, 358,
179, 1243,
47, 426, 479, 1104, 1241,
31, 147, 426,
28, 420, 426, 590,
31, 95, 496,
334, 547,
112, 1241,
71, 94,
45, 73,
28, 95,
28, 35, 123, 338, 426, 694, 1079,
187, 471,
367, 378, 955, 1241,
31, 175, 981,
211, 727, 1269,
34, 138, 395,
112, 233,
45, 216, 1087,
654, 1087,
31, 47, 175, 542,
474, 593,
593, 1026,
45, 171,
295, 945,
28, 73,
47, 95,
112, 120, 1087, 1092,
123, 138, 213, 426, 590,
122, 334, 1231,
31, 334, 754,
175, 1079,
16, 38, 110,
122, 426,
242, 810,
400, 654,
47, 1087,
15, 367, 426, 890,
265, 426, 428, 727, 1112,
182, 890,
426, 531,
865, 1322,
458, 466, 800,
16, 701, 966, 1322,
905, 1322,
200, 1241,
47, 466,
905, 1241,
428, 482, 905, 1241,
31, 1062,
38, 426, 1053,
182, 1087,
28, 306, 428, 1322,
34, 1087,
16, 28, 35, 1087, 1145,
73, 1192, 1322,
165, 216, 654, 1182,
35, 428, 905,
78, 819,
3, 368,
45, 426,
45, 1241,
53, 123, 426, 1092,
1087, 1241, 1312,
47, 1322,
120, 216, 229, 1071,
47, 668, 936,
47, 216,
213, 1244, 1322,
200, 378,
112, 182,
590, 1087,
334, 727,
45, 334,
45, 120, 298, 334, 400,
28, 112, 1241, 1244,
28, 123, 211, 406, 1087,
28, 35, 419,
200, 591,
83, 426, 512, 889,
105, 453,
122, 727,
122, 151,
53, 538,
88, 494, 1182,
47, 105, 552,
47, 307,
198, 250,
213, 427, 1026,
993, 1151,
16, 426, 527,
602, 961,
45, 216, 667,
120, 538,
16, 38,
38, 95, 298, 1087,
353, 1241,
35, 428, 1241,
112, 428, 701, 956,
47, 53, 418, 1046,
123, 213, 359, 426,
95, 213, 1073, 1087, 1333,
175, 200, 888,
25, 407,
28, 83, 133, 426, 590,
1159, 1241,
38, 124, 392,
756, 1361,
165, 654,
45, 47, 96, 344,
334, 1031,
38, 73, 752, 889,
34, 1220,
198, 216,
112, 1087, 1124, 1139,
36, 209, 427,
105, 272, 1227,
53, 1124, 1139,
165, 334, 654,
28, 175, 590, 1227,
112, 120, 1237,
35, 123, 175, 600,
116, 171, 281, 889,
28, 120, 469, 943, 1133,
79, 281,
28, 53, 73, 428,
30, 34,
38, 83, 92, 116, 483,
45, 116,
79, 179, 919,
96, 358, 922,
426, 1072,
38, 433,
96, 200, 900,
38, 79, 96, 1203,
31, 83,
88, 122, 469,
