23, 78, 99,
4, 5, 6,
2, 7,
2, 7, 9,
2, 11,
4, 13, 14, 15,
6, 16,
17, 18,
2, 7,
5, 7,
2, 11, 15,
2, 7, 22,
23, 24, 25,
11, 23, 24,
2, 27, 28,
2, 29,
16, 32,
2, 11, 16, 29, 33,
2, 34, 35,
2, 11,
11, 24, 38,
2, 11, 28,
5, 11,
2, 5, 32, 40,
23, 24, 29, 40,
2, 11, 29,
9, 29,
14, 24,
11, 23, 32,
31, 78,
2, 47,
2, 49,
5, 51,
2, 51,
78, 95,
11, 29, 56,
2, 23, 24, 38, 58,
2, 16, 78,
18, 62, 63,
2, 9, 64,
2, 7,
29, 33, 67,
24, 68, 69,
5, 29,
2, 71,
2, 13,
15, 62, 63,
2, 5, 24,
2, 16, 24, 37,
2, 11, 16, 62, 73,
71, 79, 80,
4, 7,
5, 82, 83,
78, 80, 85,
5, 7,
2, 75, 78,
2, 23, 24, 88,
7, 18, 78,
2, 18,
2, 23,
2, 83, 92,
13, 18, 93,
2, 5, 29,
7, 96,
11, 18, 29, 64, 98,
2, 29, 79,
2, 11, 18, 29, 78,
11, 80, 88,
34, 62, 64,
2, 18, 24,
49, 92,
3, 78, 80, 98,
8, 80,
18, 78, 85,
2, 12, 78,
5, 27, 85,
2, 62,
24, 29,
21, 92,
2, 30,
2, 14, 23,
92, 93,
16, 23, 24, 34, 35, 37,
21, 37, 73,
7, 42,
43, 51, 67,
29, 34,
2, 22, 23,
2, 15, 18, 23,
11, 23, 96,
2, 5, 23, 27, 88,
11, 18, 35,
18, 23, 48, 50,
62, 88, 92,
18, 37, 50, 52, 88,
7, 85,
2, 5, 48, 62,
5, 16, 24, 92,
2, 24, 75,
11, 49, 62,
2, 5,
2, 32, 35,
2, 7, 66,
2, 72,
2, 18, 43,
24, 29,
2, 27,
2, 14, 64,
2, 48,
35, 85, 92,
24, 75, 78,
23, 62, 81,
2, 11, 23, 24, 80,
2, 24, 80,
3, 4, 11, 12, 62, 81,
8, 23, 24, 87,
27, 79, 82,
13, 80, 87,
18, 24, 29, 80, 87,
2, 7, 66,
2, 89, 90,
2, 7,
62, 70, 75,
2, 29, 80, 87,
2, 62,
23, 87, 92,
24, 87, 88,
2, 7, 87,
2, 13, 99, 100,
2, 23,
5, 7, 42,
2, 4, 23, 80,
2, 23, 25, 62, 81,
2, 62,
2, 62,
14, 21,
24, 29, 37, 67,
3, 23, 32,
2, 23, 24,
2, 4, 36, 80, 88,
2, 40, 80,
2, 20, 78,
2, 24,
2, 23, 24,
2, 71,
4, 11, 32, 38, 80,
62, 67, 100,
2, 80,
2, 90,
7, 16,
2, 88,
2, 7, 23, 60,
2, 80, 88,
29, 60, 80,
4, 7, 61,
2, 70,
29, 68,
2, 11, 75,
89, 99,
2, 7, 61,
29, 90,
16, 24, 94,
2, 72, 86,
24, 80, 90, 91,
9, 36, 62,
3, 80, 90,
2, 7, 99,
24, 80, 94,
2, 75, 89,
2, 97,
2, 11, 62,
2, 10,
2, 86,
2, 5,
5, 10, 24,
80, 90,
23, 29, 44,
75, 80, 97,
2, 16, 23, 69,
7, 97,
23, 29,
2, 11, 16, 23, 24,
2, 68,
2, 9, 60,
3, 54,
2, 9, 44,
2, 78,
11, 75,
2, 23,
2, 62,
2, 23,
4, 62,
11, 16, 24, 78,
16, 24, 78, 95,
1, 11, 16, 52, 88,
19, 20, 26, 78,
2, 11, 24, 80,
2, 7, 26,
2, 95,
2, 45, 95,
62, 97,
2, 7,
5, 11, 23, 78,
2, 41, 75,
16, 23, 24,
11, 23, 24, 74, 78,
1, 24, 29,
2, 7, 11, 24,
2, 91,
2, 80,
24, 78,
2, 11, 80, 95,
2, 11, 29, 78,
19, 62,
16, 26,
2, 74, 78,
23, 78,
2, 20,
2, 11,
65, 78,
2, 24, 29, 60,
2, 71,
29, 95,
2, 29,
29, 95, 101,
20, 31,
2, 95, 101,
11, 24,
53, 71, 101,
53, 95,
2, 29, 101,
2, 5,
58, 59, 65, 95,
7, 95,
24, 71, 101,
16, 76, 78,
2, 80, 101,
56, 95,
58, 62,
32, 65, 78, 95,
2, 30, 32, 78,
62, 81,
2, 95,
23, 78,
9, 62, 88,
89, 95, 99,
16, 78,
14, 80,
29, 75,
29, 75,
2, 80, 88,
11, 78,
4, 39, 46, 54,
2, 23, 80,
39, 46, 78,
2, 96,
2, 42, 62, 71,
2, 42, 78,
11, 73, 95,
29, 45, 78,
2, 77, 95,
77, 78,
70, 78,
24, 78, 96,
2, 7,
2, 80, 84,
2, 29, 84,
11, 42, 88,
2, 70, 73,
2, 24,
2, 37, 80,
7, 73,
11, 55, 95,
11, 59, 95,
18, 47, 78,
2, 11,
11, 24, 59, 89,
57, 95,
57, 91,
23, 78,
11, 95,
2, 24,
20, 37, 86,
11, 55, 78,
78, 95,
2, 75,
24, 76, 78,
2, 41, 62, 76,
