8, 106, 144,
3, 4,
5, 6, 7,
8, 9,
4, 11,
13, 15,
4, 8, 16,
5, 8, 17,
8, 9, 18,
2, 44,
4, 9, 22,
4, 23, 24,
5, 25,
4, 8, 87,
4, 28, 29,
4, 8,
4, 5,
8, 34,
36, 37, 38,
4, 39, 40,
4, 41,
2, 4, 43, 44,
36, 38, 46,
28, 39,
2, 23, 48,
4, 22,
50, 51, 52,
4, 44,
9, 22, 54,
9, 55, 56,
2, 24,
8, 58,
4, 50, 52,
2, 4, 60,
4, 9, 61,
8, 62,
4, 64, 65,
4, 29,
8, 9,
4, 9,
4, 69,
9, 10,
2, 25, 115,
4, 28,
8, 54,
6, 77,
4, 8, 18,
11, 80, 81,
82, 84,
9, 54,
44, 87,
41, 61,
4, 9, 41,
8, 56,
4, 8,
8, 90,
4, 13,
4, 46, 92,
2, 93,
8, 95, 96,
13, 22, 86,
4, 8,
4, 16,
4, 8,
8, 25,
8, 53, 102,
4, 28, 82,
25, 93,
9, 105,
29, 150, 157,
4, 8,
146, 157,
8, 13, 15,
4, 82,
9, 54,
4, 9,
4, 17, 41,
2, 9, 20, 88,
8, 35,
8, 56, 125,
125, 126,
128, 129,
28, 130,
4, 132,
4, 9,
3, 4, 25,
4, 96, 135,
5, 9, 136, 139,
125, 140,
93, 122, 124,
4, 41,
4, 9,
9, 115, 141,
9, 125, 147,
9, 95,
4, 150,
4, 125, 152,
86, 125, 153,
9, 154,
8, 37,
158, 159,
9, 10,
54, 99,
27, 111,
29, 70,
8, 140,
8, 148,
8, 32,
78, 127, 135,
4, 95,
4, 49,
8, 9, 22,
8, 14, 43,
14, 47,
75, 80,
8, 68,
4, 71,
7, 8, 25,
9, 44, 152,
4, 73,
8, 43,
9, 22, 78,
19, 49, 133,
2, 85,
2, 4, 89,
45, 96, 142,
78, 98,
90, 95,
8, 44, 100,
8, 9, 97, 150,
4, 8,
4, 8,
9, 10, 80,
8, 29, 124,
43, 136,
4, 25,
93, 108,
9, 93, 100,
4, 89,
19, 86,
4, 132,
25, 117, 130,
65, 78,
2, 4, 119,
4, 99,
4, 8, 28, 54,
4, 35, 121,
4, 122,
6, 128,
4, 78, 85, 119,
4, 43,
2, 59,
4, 8, 78,
4, 89, 134,
20, 141, 151,
9, 78,
8, 114, 119,
8, 9,
4, 9,
4, 8, 56,
8, 134,
2, 8,
4, 122, 147,
58, 78,
8, 40,
4, 78,
54, 86,
44, 124,
8, 20,
2, 4, 21,
26, 28,
8, 78, 152,
8, 9,
8, 9,
9, 10,
8, 33, 157,
4, 8, 9, 34, 102, 153,
21, 80,
8, 45,
8, 140,
80, 117,
8, 53, 125,
54, 79, 142,
33, 92, 136,
66, 157,
33, 56, 72,
6, 8, 48,
4, 74, 132,
2, 62, 76,
2, 8, 148,
78, 88, 91,
94, 125,
2, 4, 8, 97,
9, 154,
4, 57,
4, 8, 20, 78,
8, 88,
53, 104,
9, 154,
8, 10,
9, 78, 88,
4, 80, 139,
8, 9, 61, 104,
38, 76,
25, 123,
8, 49, 128,
2, 4,
25, 71,
8, 112, 125,
56, 95,
84, 125,
12, 44,
54, 110,
4, 35,
8, 9, 44,
4, 54, 78,
8, 64, 112,
8, 126,
4, 8,
4, 54, 74,
4, 9,
4, 9,
86, 95, 96, 150,
8, 125,
8, 32, 159,
4, 91, 136,
6, 70, 89,
155, 156,
65, 78, 95,
66, 123,
8, 125,
8, 41, 142,
8, 94,
2, 8, 156,
8, 54,
12, 44, 48, 102,
2, 83, 136,
10, 101,
78, 81,
9, 103, 154,
78, 106,
8, 105,
2, 25,
4, 78, 114,
60, 102, 154,
80, 83,
101, 111,
8, 9, 113,
5, 113,
80, 81,
51, 81,
9, 118,
8, 22, 95,
8, 9, 10, 125,
35, 121, 129,
8, 44,
8, 9, 84,
101, 138,
54, 136,
43, 101, 143,
4, 113, 138,
2, 4, 125,
8, 145, 154,
4, 8,
8, 149,
1, 104,
18, 125,
8, 149,
80, 96, 125,
44, 101, 125,
8, 54,
8, 138,
61, 78, 141,
31, 103,
42, 44,
56, 146,
25, 157,
8, 107, 125,
69, 110,
5, 8,
5, 90, 143,
2, 30,
8, 35, 68,
27, 102,
1, 11,
78, 80,
44, 150,
8, 95, 96,
2, 8,
8, 25,
145, 154,
10, 44,
2, 22,
8, 48, 102,
8, 86, 96,
8, 96, 151,
44, 47, 79, 150,
8, 150,
10, 147,
8, 54, 74,
42, 54, 95,
3, 8, 90,
8, 78,
8, 44, 79,
44, 79, 111,
8, 95, 96,
107, 138,
8, 11,
5, 8, 131,
11, 26, 41,
11, 17, 25,
11, 26, 44,
8, 9, 61, 79,
23, 57, 67,
8, 20, 114,
2, 9,
8, 69,
8, 78, 79,
44, 125,
72, 146,
63, 104,
27, 42,
73, 157,
8, 48, 59,
63, 109,
5, 8,
41, 54, 104, 116,
120, 127, 146,
8, 9,
41, 152,
93, 98,
10, 137,
8, 141,
5, 141,
93, 101, 116,
28, 61,
5, 10,
2, 8,
8, 30,
8, 10,
9, 10, 41, 78,
10, 78,
61, 78, 125,
8, 146,
2, 8,
109, 120,
8, 109,
131, 154,
44, 125,
78, 111, 144,
25, 141,
2, 73,
8, 131, 146,
8, 54, 96,
8, 10, 137,
8, 95,
8, 42, 95,
8, 9, 17,
8, 10,
4, 44, 63,
25, 123,
32, 79,
9, 32,
