1, 2,
2, 3, 4,
2, 5, 6,
8, 9, 10,
2, 12, 13,
2, 3, 14, 15,
2, 3,
2, 33,
2, 3,
20, 21, 22,
2, 23,
2, 3,
12, 40, 47,
2, 3, 41,
2, 12, 30,
3, 16, 17,
2, 12,
3, 6, 10, 35,
4, 37,
2, 12, 38,
12, 30, 38,
2, 12,
42, 43,
2, 12, 31, 59,
3, 12, 15,
2, 43,
2, 5, 9, 42, 43,
2, 49, 50,
2, 43, 51,
2, 3, 12, 52,
2, 12, 43,
3, 21, 50,
2, 4, 9, 12, 53,
2, 12, 21,
9, 23,
2, 4, 53,
3, 56,
12, 15, 49,
2, 10,
2, 10, 52,
2, 21,
3, 5,
14, 61,
5, 34, 49,
2, 11, 61,
2, 5, 6,
2, 5, 22,
5, 12,
12, 21,
12, 42,
6, 12, 35,
3, 12,
49, 51,
2, 44,
6, 23, 29,
2, 12, 29, 50,
3, 32,
2, 27,
2, 5, 32,
2, 9, 14,
2, 3,
1, 44, 54,
3, 7,
12, 23,
2, 12,
2, 60,
12, 63,
2, 12,
2, 33, 54,
9, 63,
3, 24,
2, 9,
24, 63,
3, 5, 10,
9, 13, 14,
14, 23,
2, 5, 31,
12, 36, 39,
2, 12, 41,
5, 45, 56,
2, 3,
2, 9,
2, 12, 39,
2, 12, 57,
2, 12, 58,
2, 12, 62,
2, 4,
12, 37,
3, 32,
12, 36,
2, 12,
2, 12, 62,
3, 12,
5, 20,
2, 12,
2, 3, 9,
23, 36,
3, 12, 24,
3, 46,
3, 46, 55, 58,
3, 55,
23, 46, 55, 63,
6, 54,
2, 6, 15,
2, 6,
2, 3,
25, 42,
3, 8, 14, 26,
2, 40,
2, 12,
2, 6,
2, 5,
2, 24, 59,
2, 63,
2, 14, 26,
2, 5, 26,
4, 63,
4, 19,
2, 19, 42,
2, 12,
2, 5, 12,
2, 3,
12, 36, 46,
2, 12, 25,
12, 33, 60,
2, 37, 45,
12, 17,
3, 12, 33,
3, 27, 36, 60,
3, 5,
2, 34,
2, 5, 9,
2, 12, 20,
5, 37,
12, 48,
2, 18,
2, 12,
5, 6,
20, 60,
2, 18,
19, 37,
2, 3, 23,
5, 23, 57,
12, 48,
2, 33, 40,
2, 5, 6, 12, 33,
2, 12,
2, 3,
12, 40, 54,
2, 16, 40,
2, 28,
