97, 98,
19, 48, 97,
5, 6,
47, 59,
11, 12,
6, 39, 97,
81, 97,
16, 17,
17, 19, 20,
14, 16, 20,
24, 97,
9, 24, 26,
27, 28,
5, 80, 97,
43, 70, 87,
11, 37,
28, 38,
8, 70, 97,
5, 11, 43, 44,
45, 46, 47, 48,
47, 49,
47, 51,
6, 47,
47, 96, 97,
26, 56, 57,
26, 28,
37, 51, 58,
17, 47, 58,
47, 59, 60,
11, 12, 43,
11, 47, 61,
17, 49,
64, 65,
48, 66, 67,
24, 60, 97,
16, 70, 71,
17, 72,
48, 59, 74, 75,
65, 76,
46, 65,
64, 72, 79,
46, 49, 74, 80,
3, 14, 84, 98,
47, 67,
70, 71,
17, 64, 65,
5, 19, 61,
43, 64, 88,
17, 29,
37, 43,
48, 72, 79, 80,
17, 92,
48, 74, 97,
11, 17, 98,
48, 97, 98,
58, 99,
28, 37, 100,
57, 97, 98,
64, 74,
59, 97,
4, 59,
8, 98,
13, 74,
60, 97,
19, 100,
13, 17, 56,
15, 48, 56, 74, 98,
48, 49, 57, 79, 97,
15, 18, 98,
17, 75,
17, 25, 100,
8, 17, 29,
24, 30, 47,
31, 32,
11, 97,
33, 34, 59,
56, 98,
18, 51, 57, 97,
15, 47, 97, 100,
17, 48, 97,
15, 49,
14, 17,
17, 97,
17, 97, 98,
30, 57, 76,
75, 97,
17, 74, 76,
52, 64,
34, 53,
17, 54, 97,
17, 55, 72,
5, 6, 97,
15, 25, 34, 68,
43, 69,
82, 97,
48, 53, 79,
14, 45, 97,
43, 53,
17, 97,
47, 86,
17, 54, 64,
53, 97,
51, 53,
17, 59,
43, 45, 55, 69,
43, 97,
43, 64, 94,
2, 97,
47, 64, 97,
5, 45, 68,
15, 88, 92,
7, 8, 28, 97,
64, 72, 79, 97,
17, 48, 97,
54, 97,
35, 57, 96, 98,
31, 36, 74,
4, 14, 19, 52, 56,
4, 74,
14, 40,
43, 47, 48,
24, 29, 59,
30, 43, 47,
57, 74, 79, 97,
5, 64, 97,
36, 96,
17, 63, 80,
29, 48,
24, 47, 100,
17, 26, 97,
17, 58,
17, 29,
17, 36,
19, 40, 84,
63, 64, 97,
48, 65, 97,
17, 48, 97,
6, 7, 17, 98,
26, 29, 40, 98,
89, 97,
36, 79, 100,
29, 36, 97,
57, 59,
54, 59, 98,
36, 97,
1, 87,
17, 31, 59,
40, 97,
26, 36, 97,
4, 17,
11, 24, 97,
47, 97,
39, 47, 48, 98,
39, 47, 98,
17, 39, 97,
74, 97,
36, 64, 97,
33, 39, 44, 48, 73,
47, 70,
78, 97,
29, 48, 61, 75, 79,
48, 73, 74,
3, 97,
11, 47, 98,
87, 97, 98,
39, 47, 79,
14, 74, 97,
17, 28,
17, 70,
23, 28, 73,
24, 60, 74,
73, 97,
19, 97,
40, 61, 97,
11, 59,
19, 26, 29, 75, 97,
29, 60, 98,
14, 21,
17, 76, 90,
11, 97, 98,
47, 97,
17, 48, 98,
17, 39,
27, 29,
17, 22, 90, 97,
15, 97,
17, 97,
40, 47, 87,
23, 49, 97,
24, 50,
35, 95,
37, 97,
39, 83, 97, 98,
48, 78, 97,
31, 39, 55, 79,
17, 82,
14, 24, 31, 47,
17, 59,
40, 97,
19, 66,
53, 59,
17, 59,
83, 94, 97,
50, 74, 97,
17, 43, 77,
39, 43, 64, 77,
38, 97,
17, 24, 31,
5, 47, 60, 97,
57, 97,
39, 43,
17, 48, 97,
47, 48, 79,
19, 97,
68, 97, 98,
8, 74,
17, 39, 79,
39, 40,
39, 42, 97,
17, 97,
75, 98,
24, 31, 97,
17, 40, 93,
39, 42, 97,
90, 97,
8, 39, 97,
43, 74, 87,
8, 74, 79,
15, 17,
17, 97,
42, 47, 97,
17, 39,
17, 39,
37, 48, 97,
17, 39, 59,
5, 97,
22, 90, 97,
24, 97,
17, 64, 74, 98,
17, 37,
17, 39,
5, 15, 91,
5, 85, 97,
33, 39, 64, 97,
43, 74,
17, 37, 83,
62, 97, 98,
60, 76,
17, 97,
32, 36, 48,
36, 47, 62, 74,
81, 82, 97,
17, 40, 85,
48, 97, 98,
17, 97,
79, 87, 97,
17, 39, 48, 97,
17, 40, 88,
15, 97,
90, 97,
39, 41, 47,
37, 97,
17, 37,
61, 89, 97,
36, 41, 69, 79,
2, 39, 47,
57, 97,
47, 97,
17, 97,
17, 97,
4, 97,
17, 36, 57, 59, 60,
5, 90, 91,
35, 39, 97, 98,
59, 79,
10, 17, 79, 97,
17, 39, 56, 79,
36, 39, 57,
97, 98,
76, 97, 98,
17, 39, 59,
17, 78, 97,
10, 97, 98,
35, 59, 79,
