1, 2, 3,
4, 5,
7, 8, 9, 10,
9, 11,
13, 14,
5, 10, 15, 16, 17,
2, 9, 18,
20, 21,
13, 139, 196,
5, 116,
5, 28, 29,
5, 30,
5, 32,
9, 34, 36, 37,
5, 7, 34,
2, 26,
5, 39,
2, 5,
9, 42, 43,
5, 9,
5, 45,
9, 47,
9, 95, 197,
5, 51,
5, 13, 54,
49, 72, 99, 197,
26, 57,
5, 59,
5, 15,
2, 8,
5, 30, 63,
64, 65,
2, 66, 67,
15, 68, 69,
8, 17,
5, 70,
34, 66, 71,
66, 72,
26, 74,
8, 9, 76,
64, 67, 77,
5, 78,
70, 78,
9, 28, 80,
5, 9,
9, 82,
9, 15,
2, 5, 10, 84,
5, 9, 85,
5, 26,
9, 20, 84,
5, 26,
9, 72,
9, 15, 89,
68, 91,
5, 9, 59,
5, 9, 10, 15, 95, 96,
5, 9,
5, 54,
99, 100, 101,
5, 26,
5, 74, 103,
17, 59, 72,
5, 59, 104,
5, 34,
9, 36,
39, 59,
39, 108,
9, 110,
9, 161, 190,
5, 10, 113,
5, 59, 114,
68, 115,
7, 91,
5, 118,
5, 64, 120,
34, 47,
2, 5,
5, 8,
5, 9,
9, 34, 114,
64, 125,
9, 30, 68,
2, 5, 128,
47, 129,
2, 15, 34, 82,
2, 13,
5, 9, 65,
2, 59, 80,
5, 34, 43, 131,
2, 5, 36,
9, 15,
5, 30, 64,
30, 34,
45, 65,
8, 9,
30, 68, 139,
5, 9, 59, 65,
9, 28, 65,
9, 10, 140,
5, 9, 34,
5, 30,
9, 64, 120,
9, 14, 57,
9, 143,
30, 74, 144,
8, 9, 146,
9, 10, 147,
9, 20, 212,
9, 59,
7, 59, 151,
5, 15, 28,
9, 146,
9, 15,
9, 151,
9, 156,
5, 71,
17, 158,
17, 20,
1, 5,
1, 9, 103,
34, 36, 40, 242,
26, 59, 71, 164,
13, 20,
8, 15, 165,
92, 116, 228,
5, 8, 11, 59,
9, 59,
40, 106, 212,
8, 170,
5, 59,
5, 11, 15,
16, 173,
72, 125,
5, 164, 176,
13, 166,
177, 178, 179,
9, 61, 234,
9, 183, 184, 185,
9, 186,
57, 64, 176,
13, 15, 139,
13, 64,
9, 20,
141, 196,
8, 59, 191,
5, 26, 192,
129, 173,
9, 131,
9, 186,
9, 11, 45, 195,
11, 72,
72, 161,
5, 26,
74, 139, 230,
9, 20, 26,
5, 9, 15, 199,
5, 21, 199,
42, 200, 201,
8, 34, 203,
5, 46, 141, 161, 234,
5, 64,
9, 161, 190,
176, 184, 210,
54, 74,
57, 212, 213,
54, 74, 214,
5, 166,
8, 158, 191, 215,
166, 216,
5, 8, 217,
5, 34, 218,
42, 54,
166, 173,
8, 9, 11,
5, 11, 64, 78,
5, 15, 218, 222,
125, 200,
20, 216,
9, 20, 225,
9, 20,
13, 200,
45, 129,
8, 11, 222,
5, 47, 85,
8, 218, 225,
5, 45, 76,
9, 200,
4, 34, 140,
200, 230,
5, 8, 232,
14, 234,
9, 20, 66, 235,
15, 237,
22, 59,
2, 4,
13, 140,
68, 100, 141, 161,
11, 26, 178,
2, 17,
57, 78,
17, 18, 213,
5, 142,
4, 21, 68,
4, 9, 16,
8, 70,
72, 125, 185,
5, 9, 249,
8, 9,
26, 249, 251,
2, 9, 11,
14, 15, 21, 54,
9, 68, 182,
2, 21,
9, 16,
5, 216,
17, 72, 140,
2, 5, 17, 24,
5, 8, 11,
2, 36, 195,
17, 20, 51,
5, 9,
2, 26, 104,
14, 36,
31, 33, 140,
59, 89,
2, 17, 59,
9, 26, 37,
5, 17,
4, 41, 156,
33, 59, 68,
4, 5, 59,
4, 74, 140,
78, 144,
5, 17,
5, 9, 26,
68, 185,
45, 96,
28, 201,
34, 78, 139,
28, 53,
9, 11, 18, 74,
8, 71, 217,
196, 212, 219,
5, 200,
9, 125, 210,
21, 131,
9, 131,
5, 9, 72,
5, 30, 68,
9, 54,
5, 9, 45, 81,
5, 11, 83,
11, 72, 86,
1, 81,
59, 72, 88,
5, 30,
200, 214, 251,
5, 68,
5, 21, 93,
8, 21, 94,
45, 74, 102, 105,
8, 86,
82, 105, 212,
59, 109,
72, 112,
57, 187, 234,
9, 11,
53, 72, 74,
13, 74, 118, 122,
5, 124, 207,
126, 144,
161, 196, 197,
5, 78,
13, 133, 166,
9, 13, 69,
34, 74,
138, 140,
5, 142, 210,
5, 129,
59, 89,
9, 149,
45, 83,
45, 78, 153,
5, 82,
1, 34,
5, 68, 160,
5, 54,
34, 74, 163,
5, 74, 167,
142, 167,
171, 199,
59, 68, 142,
9, 45, 74, 175,
8, 54, 180,
108, 188,
5, 53, 68,
102, 156, 189,
9, 18, 175, 200,
13, 15,
15, 28, 193,
83, 133,
5, 9, 136, 235,
91, 142, 182,
59, 68,
9, 118, 202,
57, 191, 204,
24, 30, 89,
77, 82, 205,
59, 91,
57, 82,
122, 180, 208,
9, 138,
30, 160, 170,
71, 75, 117,
5, 82,
5, 30,
78, 144,
74, 193, 222,
226, 227,
21, 126, 226,
9, 226,
5, 34, 142,
78, 236,
5, 131,
34, 78, 244,
5, 65, 230, 245,
45, 246,
5, 28, 248,
133, 250,
13, 71,
8, 59, 124,
5, 122, 230,
34, 78, 230,
8, 9,
20, 204,
5, 9, 45,
5, 31,
5, 27, 250,
5, 27, 72,
5, 9,
8, 27, 230,
161, 197,
34, 226,
77, 204,
5, 8, 124,
236, 250,
13, 176,
13, 74, 161,
5, 27, 207,
8, 56,
9, 143, 230,
9, 58, 95,
34, 74,
5, 27, 226,
78, 109,
9, 78,
5, 202, 226,
13, 226,
5, 8,
59, 124, 226,
54, 142, 210,
9, 196,
5, 226,
72, 189, 226,
59, 226,
54, 122, 129,
7, 9, 207,
3, 68, 226,
8, 9,
5, 54, 182,
5, 226,
9, 59,
9, 226,
59, 226,
131, 161,
5, 226,
5, 94, 131, 234,
5, 226,
9, 205,
78, 130,
45, 68, 101, 131, 200,
5, 114, 246, 248,
131, 142,
5, 108,
18, 135, 136,
13, 246,
9, 78, 95,
94, 196, 234,
5, 64, 156,
34, 109, 203,
5, 64, 227,
5, 45, 150,
72, 78, 130,
59, 232,
9, 45, 114, 154, 155, 226,
47, 108,
74, 131, 230, 246,
5, 114,
8, 30, 131, 161, 162,
108, 214,
131, 210, 230,
34, 154,
57, 78,
9, 131, 135,
131, 230,
5, 203, 246,
5, 246,
9, 114,
5, 74,
13, 117,
34, 54, 194,
32, 72,
131, 214,
34, 114,
64, 246,
209, 211,
72, 160,
8, 149,
34, 64, 78,
9, 57, 122, 246,
9, 122, 246,
9, 13, 29,
78, 228,
13, 246,
18, 230,
5, 163, 230,
5, 28, 191, 246,
9, 78, 131,
9, 65,
8, 238,
5, 78, 240,
77, 246,
162, 165, 246, 247,
6, 9, 247,
9, 12, 246,
12, 162, 228,
131, 244,
72, 162, 228,
131, 162, 235,
21, 139, 228,
60, 68, 142,
5, 131, 139,
88, 130, 246,
6, 9, 131,
68, 78, 110,
5, 56, 131,
8, 207, 235,
156, 179, 246,
8, 246,
54, 78,
8, 131, 162,
41, 44, 78,
74, 131,
5, 8, 93,
180, 194, 235,
6, 74,
5, 131,
9, 131, 241,
117, 127, 161, 182, 196,
5, 62, 246,
5, 73, 131,
5, 108,
26, 45,
230, 246,
5, 62, 131,
45, 90, 215,
21, 228,
5, 74,
5, 9, 192,
9, 73, 230,
13, 45,
45, 90, 215,
45, 77,
36, 57,
5, 131, 231,
5, 107, 246,
9, 21, 34,
6, 9,
45, 107, 204,
5, 64,
65, 68, 72,
5, 74,
74, 121,
36, 131,
61, 161,
9, 141,
9, 121,
5, 65, 131,
1, 5, 251,
9, 234,
78, 240,
5, 34, 121, 131, 163, 183,
5, 157, 159, 226,
8, 29, 237,
4, 230,
5, 169,
5, 172,
57, 131, 181,
131, 231,
45, 65, 131,
34, 74, 131, 190,
139, 196,
72, 131,
15, 65, 131,
172, 198, 226,
65, 131, 206,
5, 131, 219,
5, 65,
121, 131, 220,
5, 135, 221,
9, 65, 131,
5, 108, 214,
34, 128, 226,
65, 131,
9, 34,
8, 211,
5, 57, 229,
34, 121, 226,
5, 131,
21, 131,
8, 181, 221,
5, 131,
23, 129, 200,
161, 196,
9, 131, 220,
94, 131, 196,
5, 72, 234,
9, 129, 229,
15, 114,
9, 34, 45,
9, 15, 135,
5, 50, 153,
5, 159, 198,
5, 78,
9, 23, 34,
9, 55, 157,
9, 74,
5, 57, 234,
9, 226, 234,
5, 211,
5, 9,
79, 114, 121,
13, 131,
45, 97, 226,
98, 114, 226, 235,
41, 44, 196,
113, 221,
5, 9, 221,
5, 28,
34, 161,
99, 132, 246,
34, 98, 132,
72, 150, 221,
5, 74, 217,
9, 137, 235,
50, 131, 238,
5, 50, 131,
5, 230,
74, 207, 246,
79, 114, 145,
65, 131, 230,
131, 152, 235,
79, 121, 145,
5, 9, 226,
5, 68, 209,
78, 131, 206,
5, 9, 114, 137, 235,
5, 108, 214,
5, 9,
112, 145, 160,
5, 108, 169,
131, 226,
9, 131, 229,
5, 235,
34, 145,
34, 68, 152,
79, 145,
9, 77, 121,
9, 55, 226,
9, 50, 135,
9, 206,
9, 34,
5, 121, 140, 206,
34, 226, 229,
9, 19, 34, 74, 226,
5, 25, 147,
5, 25, 35,
8, 32, 38,
131, 161, 188,
13, 58, 161,
95, 243,
5, 34,
71, 131,
43, 54, 161,
5, 9,
9, 74,
9, 61, 75, 251,
74, 87, 92,
36, 131,
106, 161,
133, 177, 179,
15, 74, 114, 139,
8, 230,
9, 119, 210,
123, 127, 134,
115, 131,
8, 134, 161,
9, 38, 72,
5, 25,
131, 161,
8, 25, 131, 171,
8, 26,
9, 147,
9, 155, 174, 207,
9, 131,
5, 13, 196,
54, 74,
119, 161,
5, 161, 239,
36, 74, 237,
8, 74, 131, 206,
8, 133,
5, 161,
123, 147,
5, 74,
8, 134,
212, 230, 239,
72, 131, 134,
52, 61, 74, 161,
74, 134, 230,
61, 161,
9, 74, 106,
5, 111, 147,
9, 74, 206,
9, 161, 196,
34, 74, 152,
5, 9, 161, 230,
108, 148,
5, 74, 168,
74, 161, 196,
5, 223,
9, 65, 223,
5, 108, 148,
119, 251,
117, 141,
5, 9, 121,
9, 45, 65,
5, 9, 19, 200,
5, 59, 155,
5, 108,
63, 211,
1, 5, 9,
5, 237,
9, 65,
8, 161, 196,
9, 212, 234,
74, 155, 208,
5, 127, 212,
9, 74, 219,
5, 74,
9, 74,
5, 17, 168,
9, 131, 224,
35, 131, 161,
9, 131, 233,
13, 82,
34, 233, 242,
9, 74, 217,
26, 228,
77, 214,
46, 59, 161, 228,
9, 45, 48,
43, 49, 242,
21, 60, 74, 131,
230, 245,
5, 161, 245,
131, 224,
13, 34, 48, 141, 161,
87, 234,
9, 87, 187,
9, 196,
72, 161,
8, 74,
8, 131,
9, 25,
9, 131, 241,
5, 13, 190,
5, 228,
61, 97, 200,
13, 111, 139, 161,
5, 131, 161,
5, 52, 161, 196,
5, 61, 234,
5, 160,
9, 95,
21, 131, 161, 245,
5, 174,
9, 74,
131, 161,
