2, 4,
551, 1679,
10, 11, 12, 13,
14, 15, 16, 17,
20, 21,
1566, 2215,
4, 25, 26,
27, 28,
462, 1289, 1320,
33, 34,
37, 38, 39,
41, 42, 43,
10, 45,
312, 761, 963,
303, 902, 1413,
10, 53,
55, 56, 57,
59, 60,
62, 63, 64,
37, 60, 66,
67, 69, 72, 75,
78, 79, 80, 81, 82,
84, 85, 86,
88, 89, 90,
91, 92, 93,
94, 95,
539, 1816,
99, 100,
200, 539,
333, 2198,
106, 107, 108,
88, 1320, 1883,
111, 112, 113,
539, 551, 1946, 2176,
118, 120,
105, 121, 122,
204, 357,
126, 127,
693, 1263,
88, 89,
551, 1566,
12, 136,
138, 140, 141,
312, 772, 1714,
138, 146,
148, 149,
150, 151, 152, 153, 154, 155,
156, 158,
95, 159, 160,
354, 1486, 1521,
200, 304, 482,
274, 2056,
12, 390, 2067,
171, 172,
175, 176, 178, 179, 180,
182, 183,
43, 185,
482, 1803,
86, 190, 191,
359, 619,
78, 196,
539, 772, 1298,
390, 772,
38, 206, 207,
208, 209,
506, 963, 2067,
268, 452,
215, 216,
417, 1895,
92, 220,
222, 223, 224,
108, 127,
227, 228,
230, 231, 232, 233,
78, 1974,
237, 238,
239, 241,
243, 244, 245, 246,
247, 249,
252, 254,
93, 256, 257,
106, 178,
12, 441,
12, 1547, 2010,
265, 266,
42, 269,
270, 271, 272,
31, 1603, 1721,
57, 275,
312, 419,
411, 578,
815, 824,
287, 288,
256, 289,
291, 292,
106, 295, 296,
34, 270, 297, 298,
300, 302,
305, 306, 307,
310, 311,
302, 312,
314, 315,
315, 317,
319, 320,
633, 2052,
373, 2061,
326, 327,
121, 328,
121, 323,
4, 312, 331,
312, 332, 333,
336, 337,
340, 341,
288, 327, 343,
312, 344,
346, 347,
288, 350,
12, 1253, 2091,
353, 354, 355,
357, 358,
360, 361,
97, 363, 364, 365,
292, 312,
88, 369,
292, 370,
39, 372,
459, 815,
351, 376,
269, 312, 378,
88, 312, 379, 380,
312, 381,
327, 383,
149, 385,
312, 350,
388, 389, 390,
2, 392,
312, 314, 394,
395, 396, 397,
351, 376,
399, 400, 401,
288, 312, 360, 402, 403,
333, 404,
369, 407,
369, 409,
815, 902,
312, 997, 1141,
787, 1161,
1597, 2120,
288, 419, 420,
312, 421, 422,
4, 12, 423,
360, 424, 425,
321, 431, 1075, 1126,
357, 1714,
12, 64, 431,
428, 433,
344, 435, 436,
390, 2229,
43, 425, 440,
441, 443,
728, 1693,
171, 446,
200, 1103,
182, 452,
452, 1959, 2194,
152, 454, 455,
457, 458, 459,
913, 1522,
143, 152, 464, 465,
466, 467,
12, 445,
312, 326, 469, 470,
16, 402,
12, 471,
12, 16, 474,
476, 477,
314, 474,
92, 392,
134, 1847,
293, 1336,
168, 1323,
843, 1869,
539, 1755,
312, 2103,
16, 471,
492, 493,
57, 392,
390, 495, 496,
497, 498,
99, 501,
39, 88, 502, 503,
312, 504, 505,
312, 508,
12, 503, 509,
583, 611, 781, 1233,
312, 390, 539, 2065,
312, 354,
4, 516, 517,
64, 518,
878, 1522,
100, 257,
1163, 1605, 2007,
12, 200,
526, 527,
504, 528, 529,
531, 532,
528, 529,
428, 535,
235, 536, 537,
16, 105, 503,
524, 538,
344, 540,
333, 395, 1261, 1316,
524, 544, 545,
392, 547,
209, 337,
34, 297,
893, 928, 1292,
99, 537,
790, 2194,
12, 1298,
37, 105, 558,
12, 92, 1826,
563, 564,
566, 567,
12, 390, 568,
257, 504,
1710, 1809,
574, 575,
532, 577,
370, 396,
79, 88,
34, 37,
582, 583,
310, 508, 584,
94, 585, 586,
504, 588,
291, 539, 2222,
312, 343, 590, 591,
37, 232, 344, 592,
211, 681,
351, 595,
370, 738,
599, 600, 601,
601, 602, 603,
4, 99, 121, 431,
531, 532, 604,
63, 605,
12, 141, 312, 606,
257, 607, 608,
583, 738,
392, 612, 613,
308, 681, 1267,
12, 607,
681, 1773,
458, 599,
200, 462, 1611,
45, 95, 623,
529, 624, 625, 626,
118, 312,
364, 628,
312, 595,
92, 203, 631, 632,
392, 458, 633, 634,
16, 312, 636,
39, 365, 464, 637,
560, 638,
37, 469, 639,
462, 869, 902,
879, 1773,
97, 649,
12, 651, 652,
351, 654,
952, 1178,
287, 300, 431,
12, 1462, 1772,
312, 1710,
312, 575, 584,
312, 509, 568, 584, 664,
312, 544, 665,
621, 667,
971, 2146,
2, 99, 312, 670,
121, 431, 606,
79, 671, 672,
673, 674, 675,
121, 675,
64, 116, 588,
678, 679,
308, 1477,
902, 964, 1157,
312, 595, 993, 1001,
396, 688,
39, 314, 503,
92, 690,
390, 531,
159, 232, 311, 586,
39, 93, 692,
583, 693,
498, 695, 696,
470, 484, 697,
260, 698,
344, 700,
657, 1022, 1058, 2114,
39, 583,
288, 312, 419, 474,
223, 312, 402,
241, 312, 314,
707, 708,
710, 711,
113, 312,
194, 714,
590, 716,
357, 396,
118, 719,
721, 722,
314, 390, 697, 724,
343, 567, 726,
396, 688,
1093, 1347,
719, 731, 732,
390, 2065,
312, 504,
1775, 2020,
396, 1135, 1154,
2, 312, 741, 742,
395, 407,
118, 343,
595, 664,
39, 529, 625,
474, 746,
748, 749,
751, 752, 753, 754,
12, 462,
257, 312, 601, 757, 758,
12, 760,
12, 235, 390,
141, 449,
847, 1610,
312, 566, 608,
458, 765, 766,
396, 688,
12, 288, 621,
624, 770,
2, 12, 771,
121, 772, 773, 774,
392, 775, 776,
200, 298,
775, 779,
249, 584, 760,
95, 239, 782,
783, 784, 785,
407, 779,
509, 787, 788,
789, 790,
21, 471, 531, 792,
2, 16,
260, 431, 795,
12, 772,
390, 798,
312, 392, 800,
302, 563,
105, 153, 155,
312, 592,
312, 473,
239, 428, 509, 807,
760, 808,
505, 810,
599, 812,
34, 407,
787, 814,
274, 2056,
312, 396, 1611,
12, 95, 819,
455, 800,
1739, 1772,
518, 798,
246, 823,
12, 143, 826,
314, 537,
16, 568,
751, 828,
462, 588,
143, 606,
88, 664, 833, 834,
16, 39, 509,
141, 501,
239, 790, 836,
168, 184, 1238, 1349,
12, 390, 838,
12, 839,
12, 392,
93, 344, 628, 842, 843,
12, 97, 344,
651, 889,
12, 2103,
12, 848, 850,
851, 852,
12, 503, 710,
271, 711,
314, 788, 854,
310, 312,
856, 857, 858, 859,
390, 428,
295, 861,
595, 863,
513, 583,
260, 458,
257, 867,
97, 599,
390, 870,
378, 784, 872,
118, 302, 785,
314, 509, 873,
445, 874, 875,
16, 474, 876,
343, 877,
312, 867,
880, 881,
12, 449, 882,
531, 838, 884,
193, 772,
97, 626, 888,
12, 312,
343, 890,
39, 396, 838,
37, 156, 892,
586, 894,
993, 1093, 2192,
37, 898,
314, 787, 836,
312, 333, 1019,
239, 340,
260, 876,
12, 503, 664,
392, 544, 902,
2, 503, 741,
302, 739,
396, 583,
312, 390,
303, 579, 657,
551, 2120,
200, 220,
431, 462, 566,
503, 710, 877,
210, 1161, 1557,
312, 585, 917,
585, 754, 918,
12, 16, 503,
920, 921,
52, 857,
2, 462,
842, 924, 925, 926,
200, 291, 1077,
930, 931,
12, 200,
99, 314,
407, 631, 772,
355, 935, 936,
361, 566, 714,
64, 346, 353,
12, 64,
314, 939,
314, 496, 941,
942, 943, 944,
928, 945, 946,
947, 949,
16, 951,
239, 787,
613, 875,
4, 956,
354, 421,
88, 636, 2194,
539, 882, 1507, 1645,
714, 956,
943, 965,
16, 966, 967,
268, 1151,
333, 631,
99, 312,
12, 312, 667,
346, 975, 976,
789, 1714,
173, 1714,
38, 403,
350, 509,
583, 983,
12, 417, 431,
988, 989,
12, 312, 351,
16, 333,
793, 1693,
220, 1786, 2194,
21, 989, 998,
531, 1000,
39, 312, 1002,
12, 16, 787, 988, 1003,
695, 965, 1004,
16, 38, 312,
2, 312,
12, 1843,
12, 503, 509, 1008,
314, 698, 1009,
539, 2194,
1012, 1014,
16, 428, 925,
16, 1017,
659, 1019,
539, 2215,
539, 790,
38, 270,
16, 1025, 1026, 1027,
12, 314,
353, 1029, 1030,
16, 340,
302, 504,
312, 1033, 1034,
838, 988,
92, 326, 626,
551, 1836, 2077,
1041, 1042,
16, 39, 403, 1041,
1008, 1044,
848, 1045,
327, 344,
134, 1672, 1852,
474, 496,
441, 648, 701,
850, 890, 1053,
928, 1054,
471, 707, 1055,
509, 1056,
1038, 1095, 1579,
223, 1060, 1061,
257, 1062,
92, 200,
333, 539, 999,
1709, 2175,
312, 326, 337,
632, 1036, 1069, 1070, 1071,
312, 798,
344, 1070,
1515, 2010, 2136,
407, 1078,
15, 531,
1080, 1081,
312, 1026,
1620, 1809, 2079,
312, 1087,
12, 302,
274, 1333,
220, 357,
12, 940, 1085,
644, 767,
16, 787, 1096,
23, 1097,
565, 1413,
56, 238, 419, 1102,
21, 141, 1097,
12, 531,
583, 1107,
270, 314, 1108,
11, 1111,
935, 1112,
270, 272,
12, 314, 613,
1114, 1115,
302, 509, 591,
312, 963,
312, 375, 2112,
312, 474,
223, 403,
590, 941,
375, 2130,
961, 1128,
12, 16, 314, 404,
679, 1131,
141, 679, 1133,
312, 1134,
340, 982, 1161,
16, 223, 239, 782,
100, 421, 1139,
343, 1140, 1142,
220, 1955, 2148,
239, 773, 988,
314, 431, 1147,
773, 945, 998,
312, 659,
679, 749,
312, 392, 539,
37, 1673, 1826,
513, 1156,
804, 1126,
12, 1159,
290, 1662,
1081, 1087,
509, 1163, 1165,
4, 312, 1166, 1167,
312, 1025,
38, 586, 1169,
312, 471, 476,
1014, 1171,
288, 531, 1173,
2, 272, 1060,
500, 664,
12, 1163,
16, 390,
1263, 2240,
622, 1212,
39, 314, 1167,
551, 2015,
606, 1186,
314, 407, 848,
314, 1174,
567, 726,
312, 795, 1191,
75, 455, 494, 548, 781,
16, 1195,
42, 274, 1413, 2076,
449, 462,
159, 1199,
39, 496, 1201,
390, 1111, 1202,
861, 1203, 1204,
256, 343, 454,
88, 363,
364, 628, 875,
351, 742, 1207,
380, 626,
312, 1444, 1472,
312, 401, 758,
312, 1029,
2, 931,
12, 314, 317,
239, 503, 1025,
257, 400,
92, 462,
88, 159, 312, 314,
746, 1214,
57, 1216,
92, 392,
64, 350,
350, 626,
470, 935, 1220,
574, 1221,
39, 471, 1223,
220, 1353,
21, 672, 856,
333, 340,
12, 1857,
772, 1232,
312, 1033, 1233,
163, 274, 2249,
350, 469, 1107,
495, 583,
966, 1232, 1237,
314, 471, 925,
64, 531,
12, 390, 1268,
270, 272, 1241,
97, 1242,
476, 1182,
942, 944, 975,
388, 606,
404, 679,
343, 1207,
4, 260, 583, 758, 1248,
989, 998,
16, 1250, 1251,
312, 1252,
12, 1857,
327, 1173,
141, 1259,
462, 503, 1261,
175, 1262,
200, 314, 787,
16, 390,
143, 266,
12, 16, 873,
312, 343,
12, 16, 1096,
343, 851, 1216,
455, 503, 1267,
16, 474,
509, 1269,
269, 312,
162, 220, 583,
16, 798,
929, 1266, 1286,
1223, 1277,
34, 1237,
12, 312,
262, 390, 551,
346, 956,
1053, 1056,
200, 1133,
692, 798, 1287,
2, 1139, 1252, 1288,
312, 623,
1069, 1156, 1291,
12, 88,
320, 921,
12, 917, 1026,
390, 2215,
604, 1071,
16, 390,
4, 21, 141,
4, 314, 503,
56, 1071,
815, 1985, 1997,
2, 344,
4, 200,
390, 842, 1303,
351, 1305,
97, 1943,
12, 64, 925,
327, 679,
12, 390,
314, 773,
39, 1314,
327, 606, 983, 1316,
2, 12, 503,
12, 503, 787,
17, 679, 812,
67, 121,
583, 1320, 1321,
1322, 1323, 1324,
42, 768, 1018,
233, 1328, 1329, 1331, 1332, 1333,
843, 1333, 1334, 1335,
93, 1337, 1338, 1339,
298, 606, 1340, 1343,
1345, 1346, 1347, 1348,
347, 1351,
551, 1021, 1579, 2215,
74, 766,
1361, 1363,
200, 370,
539, 2054,
261, 1129, 1353,
25, 156, 158, 1370,
12, 340,
1347, 1375,
383, 1378, 1379,
1361, 1380,
222, 1382,
39, 428, 1385, 1386,
1267, 1349,
312, 2005,
429, 843,
1, 1066, 2194,
235, 1401,
297, 1407,
41, 1409, 1410,
1333, 1361,
86, 354, 1412,
100, 1413, 1414, 1415,
931, 1237,
1417, 1418,
930, 1420,
1422, 1423,
92, 1382,
1326, 1426,
1428, 1429,
640, 648,
383, 505, 1333,
312, 390,
402, 1382, 1437, 1440,
141, 1441,
200, 1443,
237, 1445,
100, 1365, 1447,
12, 673, 1449,
12, 88, 802,
168, 1617,
722, 1458,
407, 1079, 2067,
383, 1420, 1461,
12, 452, 1129, 1157,
223, 1463,
1465, 1466,
312, 1709,
93, 727, 1037,
312, 1615, 1978,
125, 312, 473,
16, 314,
765, 1478,
16, 388,
539, 772, 1231, 1492,
1346, 1482,
16, 314,
12, 16, 390,
419, 664,
64, 857,
312, 826, 882, 1714,
343, 1493,
857, 1493,
539, 1253, 1826,
511, 1498, 1500,
314, 772, 1501,
1503, 1504, 1505, 1506,
4, 1507, 1508,
462, 1509,
632, 1237,
314, 390, 1512,
37, 609,
1515, 1516, 1517,
908, 1518,
441, 1857,
390, 1522, 1523,
1525, 1526,
1151, 1342,
12, 108, 407,
815, 1267,
1533, 1534, 1535,
1516, 1533,
539, 815,
12, 815,
843, 1518,
350, 582,
350, 858,
1351, 1482, 1550,
48, 340,
200, 1705, 1854,
12, 1000, 1554,
509, 539,
390, 1558,
354, 1526,
12, 931,
882, 1523,
274, 843, 1869,
312, 1182,
1237, 1413,
455, 1570,
390, 1503, 1571, 1572,
42, 1573, 1574,
347, 1575,
320, 670, 826, 1577,
441, 1646,
1186, 1516,
964, 1707,
354, 1533, 1584,
1860, 2065,
16, 1588,
395, 539, 1865,
1509, 1591,
539, 1865, 2194,
124, 595,
42, 1595, 1596,
347, 1575, 1598,
42, 641, 1382, 1599, 1600,
390, 2194,
1603, 1604,
839, 1606, 1607,
1608, 1609,
392, 1509, 1611,
420, 790, 2194,
1262, 1616,
1606, 1617, 1618,
340, 407,
42, 1621,
1623, 1624,
1627, 1628,
1627, 1629,
90, 156, 1631,
95, 1633, 1634,
792, 1573, 1637, 1638,
141, 152,
89, 90, 1640,
1642, 1643,
100, 1644,
1639, 2052,
269, 1651,
1653, 1654, 1655, 1656,
781, 1253, 1843,
641, 1659, 1661,
206, 1663,
12, 539, 1826,
1666, 1668,
1655, 1659,
37, 92, 1661,
1289, 1887,
33, 1676,
92, 1677,
84, 341, 1156,
798, 1343, 1680,
1681, 1682,
1128, 1684,
1687, 1688,
354, 2010,
92, 350, 1692,
300, 1661,
291, 539, 2095,
12, 291, 2095,
350, 548,
459, 1702, 1703,
1478, 1704,
333, 882,
235, 370,
16, 1080,
42, 1702,
344, 1712,
12, 1161,
1308, 2194, 2215,
1709, 1992,
1714, 1919,
392, 754,
156, 1722,
1000, 1723, 1724,
12, 1290, 1353,
12, 344, 545,
4, 12,
347, 1708, 1715,
100, 1729,
1156, 1731, 1732,
1637, 1734,
314, 1102, 1504, 1735,
314, 1382, 1712,
752, 1738,
12, 1382,
765, 1741,
1321, 1382,
459, 1744, 1745,
751, 1708,
16, 314, 390, 558, 925,
1747, 1748,
66, 1550,
1382, 1627, 1703,
12, 147, 1161,
12, 1022, 2203,
1375, 1753,
314, 509, 1382,
773, 1757, 1758,
12, 245, 347,
632, 1617, 1702, 1760, 1761,
1191, 1573, 1654,
121, 200, 1077,
1114, 1479, 2067,
8, 1382, 1761,
782, 1765, 1766,
287, 541, 1767,
857, 1747, 1768, 1769,
340, 773, 1771,
312, 373,
633, 1774,
48, 441,
1573, 1777,
12, 190,
815, 2085,
1339, 1573,
12, 1783,
156, 1370, 1722, 1784,
1785, 1788,
12, 1080, 1478,
1791, 1792,
99, 1791, 1794,
141, 1796,
1573, 1798,
1573, 1624, 1800, 1801,
12, 1382,
1030, 1627,
52, 1030,
312, 2184,
1478, 1784,
12, 312, 1289,
344, 1382,
99, 374,
390, 1298,
16, 395, 882, 1817,
12, 769, 939,
12, 1251,
1379, 1768,
1824, 1825,
1824, 1827,
585, 1825,
42, 92, 833,
882, 1830, 1831, 1832,
314, 1830,
539, 773, 2215,
42, 97,
741, 1838, 1839,
99, 779,
1515, 1841,
636, 1827,
2, 12, 1842,
1326, 1844,
419, 1846, 1847,
12, 261, 1462,
340, 452,
473, 1462,
200, 1887, 1930,
884, 1326,
340, 1860, 1959,
1638, 1859,
201, 312, 539,
25, 722,
312, 1825,
8, 124,
12, 200,
1550, 1867,
200, 308,
588, 1500,
649, 1872,
12, 1873, 1874, 1875,
16, 1878,
419, 1423,
12, 181,
354, 1847, 1884,
664, 1704,
1453, 1843,
12, 697,
455, 924,
314, 517,
12, 1008, 1055,
12, 1611, 1709,
1440, 1627, 1896,
634, 1021, 1267, 1382, 1708,
16, 314, 428, 773, 1382, 1897,
340, 790,
455, 1382,
621, 1903,
347, 395, 1156,
2, 826, 1382,
509, 1905, 1906,
595, 1382, 1907,
765, 1382,
12, 773, 1909,
420, 1512,
340, 431, 815,
1605, 2226,
928, 1382,
26, 1831,
1766, 1918,
300, 302, 1382,
319, 1920, 1921,
782, 1766,
1903, 1923,
1925, 1926,
605, 1729,
333, 882,
1824, 1928,
1930, 1931,
99, 1933,
389, 1212, 1946,
350, 354, 1412,
882, 1918,
764, 1158, 1588,
1939, 1940,
1942, 1943,
337, 882, 1944,
354, 1326,
498, 772,
108, 143,
1844, 1846, 1847,
354, 1348,
898, 1370,
898, 1370,
354, 1785, 1950,
220, 2045,
12, 1466,
390, 1843,
1478, 1957, 1958,
419, 1591, 1960,
314, 320, 976,
312, 1327, 1444, 1852,
12, 390,
314, 1608, 1965,
595, 703,
156, 632,
314, 1703, 1914,
127, 1970,
1382, 1971, 1972,
12, 402, 1973,
1305, 1976,
1757, 1842, 1906,
790, 1253,
364, 498, 1326,
455, 1156, 1940,
476, 1979,
1824, 1981,
772, 1346, 1861,
25, 1759,
99, 1382,
4, 394, 1382, 1712,
390, 1988,
12, 1791,
16, 99, 1204,
15, 853, 1419,
133, 634, 1995,
826, 842, 1526,
539, 790, 1898,
12, 1791,
606, 826, 2000,
595, 1382, 1921,
127, 374, 1379,
159, 509, 2001,
314, 340,
159, 223, 2003,
12, 2004,
1382, 2000, 2006,
314, 1507,
4, 1061, 2008,
1033, 1718, 2009,
633, 1382, 1744,
12, 312, 539,
245, 395, 1925,
4, 12, 1588,
1339, 1554, 1573,
16, 1382,
567, 1339, 1785,
4, 16,
12, 882, 1382, 2016,
1254, 1499, 2179,
888, 1738,
99, 159, 314, 390, 1518,
12, 347,
746, 826,
12, 419, 1558,
25, 1725,
462, 2027,
2028, 2029,
1346, 1760,
16, 509, 2001,
12, 1847, 2031,
516, 1827, 2032,
12, 2004,
245, 633,
732, 1382, 1389,
1872, 2035,
1702, 1973,
1382, 1478, 1618,
144, 312, 390, 1253,
939, 1174,
42, 1973,
1326, 1478, 1847,
1861, 2042,
134, 312,
38, 509,
1326, 2047,
2049, 2050,
1894, 2067,
402, 1204, 2054,
92, 392, 785,
312, 1687, 1973,
785, 1973,
490, 526, 1118,
12, 428, 1800,
200, 986, 2094,
509, 785, 2062,
462, 1660, 1911,
452, 843, 1775,
595, 2068, 2069,
312, 1661,
419, 776,
474, 1800,
674, 2072,
462, 588,
312, 1520, 2039,
220, 2076,
159, 1699,
92, 258, 1354, 2184,
302, 839, 2081,
312, 1936, 2130,
95, 390,
850, 884,
1653, 2086,
1971, 1981,
790, 1161, 1253,
12, 1594, 2215,
312, 2081, 2093,
370, 497,
302, 312, 1661,
526, 2096,
1345, 1708,
2096, 2098, 2099, 2100,
39, 586, 1724,
39, 2102,
282, 2031,
12, 95, 344,
312, 1708,
12, 2106,
344, 505, 603,
12, 99, 141, 1973,
12, 2109, 2110,
12, 354, 2111,
884, 1361,
354, 502, 652, 1732,
168, 417,
12, 783, 1324, 2117,
12, 1324,
2121, 2122,
16, 1204, 1971,
1204, 1550,
1554, 1661, 2126,
674, 2126,
312, 1661, 1847,
388, 1973,
88, 102, 392,
578, 816, 2106,
25, 1547,
233, 392, 2131,
716, 1638, 2133,
741, 1745, 1748,
99, 2135,
12, 838, 1223,
12, 91,
994, 1882,
2139, 2140,
1638, 1748, 2143,
287, 1638, 2086,
343, 1801,
12, 2067,
940, 1911,
343, 509,
15, 2067, 2194,
1708, 2151,
37, 1493, 1661, 1744, 2122,
1708, 2047,
787, 1253, 1529,
92, 812, 2008,
343, 606, 2156,
884, 2157,
12, 2158, 2159, 2160,
95, 2162,
2164, 2165,
25, 1827,
1310, 1323,
843, 1196, 2044,
312, 1004, 1156,
1382, 2157,
683, 2172,
12, 1891,
320, 2175,
428, 1504,
1661, 2178,
16, 407, 428, 664, 854, 1203, 1504,
295, 314, 509,
1409, 1768,
1382, 1847, 2182,
637, 1708,
53, 1267, 1638, 2185,
350, 595,
1847, 2185, 2187, 2188,
1382, 1550, 2159,
12, 767, 1662,
560, 1204,
1891, 1986,
12, 683, 2196,
379, 816, 1421,
12, 431, 452, 1520,
351, 376, 1008,
320, 1044, 1798,
2159, 2205,
12, 200,
1703, 2207, 2208,
819, 1550, 2210, 2211,
664, 2213, 2214,
1412, 1792,
354, 2208,
124, 2217,
95, 121, 819,
354, 1687,
402, 2222,
95, 239, 785, 1634,
599, 683,
1263, 1392, 2076,
279, 1250, 1928,
302, 1655, 2228,
918, 1112,
91, 2159,
116, 350, 502,
343, 392,
1896, 2119,
88, 641,
95, 141,
12, 1401,
300, 350, 2159,
37, 606, 1114,
12, 181,
1382, 1708,
79, 95, 1382,
12, 109,
8, 95, 751, 2245,
1571, 1981,
12, 2247,
314, 808, 2247,
12, 291,
99, 302, 399, 2250,
1389, 2251,
1661, 2159, 2252,
390, 1002, 1973,
312, 1404, 1847,
146, 1973, 2140,
357, 370, 2039,
118, 664,
583, 1397, 2238,
857, 2047,
1382, 1661,
2008, 2050,
37, 628,
94, 775,
623, 928, 1409,
30, 1169,
671, 2202,
509, 722, 2001,
1019, 2187,
314, 1008, 1204, 1988,
35, 519, 1478,
583, 1979,
350, 1702,
40, 95, 394,
1661, 2047,
16, 320,
390, 773,
2107, 2215,
830, 1372,
1372, 2241,
392, 783, 2068,
12, 92,
379, 539,
12, 787,
13, 134, 365,
76, 99, 474,
302, 935, 1609,
83, 784,
1411, 2085, 2116,
628, 1389,
1638, 2006, 2133,
7, 12, 53, 98, 882,
7, 390, 1389,
320, 351, 1598,
402, 2210,
455, 1382, 1703,
539, 2234,
156, 894,
119, 123,
12, 312, 422,
1156, 1382, 2122,
125, 128,
83, 131, 337,
12, 1223,
595, 1687,
312, 787,
1000, 2122,
223, 394, 1588,
314, 1343,
12, 139, 612,
392, 785, 1801,
95, 121,
1661, 1878, 2043,
590, 1133, 2006,
144, 859, 1363, 2098,
785, 1608,
12, 147, 1156,
95, 403,
161, 302, 1779,
395, 2159,
102, 1661,
312, 539, 2194,
165, 2159,
118, 167,
314, 2139,
12, 390, 1973,
396, 2110,
25, 866,
40, 184, 1653, 1708,
186, 1250,
634, 2211,
392, 2047,
543, 933, 1709,
12, 192, 232,
312, 1661,
195, 1655, 2043,
131, 2165,
124, 198, 2217,
201, 390, 765,
12, 340, 503,
50, 204,
376, 1008,
595, 1753,
12, 2099,
12, 2159,
959, 1135, 1709,
1847, 2047,
959, 1709,
95, 1385,
221, 388, 731, 1973,
1971, 1981,
343, 1171, 1703, 2159,
30, 2165,
99, 2135, 2250,
455, 1142, 2159,
595, 1972,
121, 201, 1233,
4, 2006,
97, 1351,
159, 320,
350, 902,
4, 1051, 1161,
253, 588, 1779,
1147, 1401,
12, 503, 509, 1571,
259, 928, 1223,
262, 287, 595, 787,
42, 263, 268, 273, 274, 276, 277, 278, 350, 641, 1600,
281, 843,
1514, 1565,
111, 290, 293, 1328, 1379,
299, 1463,
304, 328, 1584,
959, 1709,
316, 318,
175, 322,
281, 324, 325, 329,
390, 1235,
562, 1092, 1194,
184, 348, 349,
17, 366, 368,
63, 472,
384, 387, 894, 1441, 1753,
393, 398,
555, 1853,
42, 1555,
416, 1629,
418, 600, 945, 1695,
790, 1476,
430, 432,
1651, 1709,
1162, 1709,
444, 447, 448, 450,
588, 1007, 1811,
299, 314, 340, 461, 1470,
150, 468, 472, 475, 478,
277, 479, 480, 598, 1578,
482, 483, 485, 1365,
437, 487, 489,
161, 2194,
499, 588,
500, 2047,
136, 510, 512, 515, 520,
312, 1719,
312, 1212, 1540,
274, 550,
551, 552, 1676,
354, 554, 1684,
419, 1773,
561, 562, 565, 1328,
937, 1579,
466, 572, 573,
42, 247, 576, 1680, 1715,
578, 807,
112, 259,
480, 581, 589, 1333, 1680,
12, 1787, 2148,
1388, 1518,
45, 614, 1413,
97, 277, 615, 616, 1644,
312, 1212, 1540,
1212, 1635,
627, 1534,
635, 1334,
85, 357,
644, 646, 1847,
1635, 2194,
928, 2182,
653, 1203, 1988,
996, 2194,
208, 1525,
714, 1004,
462, 660,
1679, 1742,
666, 1617, 2106,
669, 1824,
937, 2236,
312, 1253,
16, 232,
16, 223, 314, 653,
663, 686, 2156,
1242, 1847,
12, 1616,
16, 376, 689, 1771,
64, 694,
354, 483,
390, 1875,
16, 702,
705, 1346,
705, 706, 1727,
253, 329, 709,
12, 713,
312, 1827,
725, 1478,
343, 727,
730, 733, 2143,
734, 735, 736,
435, 578,
798, 1939,
223, 312, 694,
1703, 2047,
37, 1413, 1826,
254, 792,
694, 743, 1466, 1905,
747, 750,
462, 755,
12, 633, 759,
1786, 1989,
12, 499, 1134,
402, 419, 762,
16, 26,
1465, 1608,
312, 483, 1847, 1920,
706, 1878,
706, 768, 1878,
16, 939,
1824, 1832,
1703, 2008,
312, 472,
828, 1131,
419, 1827,
390, 2001,
390, 1572,
203, 666, 1493,
12, 16, 390,
666, 735,
16, 201,
801, 802, 803,
709, 805, 806,
809, 811,
336, 816,
817, 1534,
336, 821, 822, 1493,
1604, 2106,
312, 1221,
773, 829,
42, 1554, 2106,
809, 830, 831,
509, 817,
710, 1770,
390, 841, 844, 2158,
312, 817, 1847,
730, 1509,
811, 1824,
407, 419, 822,
849, 853,
392, 1928,
727, 855, 1316,
676, 1388,
112, 583, 864,
554, 1186,
857, 2027,
28, 462,
12, 380,
351, 871, 1873,
185, 390,
16, 390, 1995,
16, 883,
25, 1824,
887, 1326, 1518,
455, 716,
1326, 1526, 1758,
312, 583, 893,
12, 312,
392, 730, 994,
312, 896, 897,
12, 1131,
16, 319,
312, 419, 1508,
336, 901, 1824,
565, 592, 1080,
337, 578, 2106,
628, 904,
907, 1118,
312, 340, 761,
148, 853, 911,
4, 773, 844,
924, 926, 1731, 2062,
822, 1824,
37, 340, 912,
12, 1203,
42, 919, 1847,
37, 112,
455, 1186,
12, 628,
537, 1228, 1573,
12, 1518, 1616,
4, 462,
759, 830, 1326,
652, 805, 932,
12, 16,
45, 849,
220, 2026,
109, 640,
1608, 2203,
16, 2009,
42, 1573,
390, 1003,
340, 428, 653,
896, 1577,
42, 329, 853,
390, 407, 960, 1303,
42, 1413,
1567, 1895,
128, 660, 713,
459, 857,
42, 970, 1824,
12, 200, 950,
312, 1967,
977, 978,
104, 419,
928, 2067,
811, 830,
653, 1920, 2158,
1703, 1824,
97, 1186,
1268, 2012,
996, 1957,
300, 999,
112, 392, 696,
16, 390,
312, 483,
515, 1018, 1550,
48, 200,
12, 16,
312, 395, 1508,
42, 1608,
1020, 1159, 2016,
104, 1974,
42, 853, 1024,
42, 1028, 1926,
849, 1031,
103, 1579,
312, 1037, 1038,
8, 357, 1039,
606, 928, 1703,
1040, 1046,
392, 1534, 1703,
315, 678,
390, 773,
235, 1049, 1202,
42, 792,
902, 1579, 1974,
312, 740,
323, 1024, 1326,
232, 669,
156, 1631,
350, 1199,
762, 882, 1326,
1067, 1824,
225, 1413,
104, 200,
340, 787, 1075,
366, 542, 615, 644, 1076, 1079, 1082, 1083, 1340, 1962,
69, 72, 1084,
1086, 1088, 1291,
37, 1090,
274, 1332,
312, 1162, 1967,
1098, 1413,
240, 350, 2025,
451, 823, 2066, 2088,
390, 790, 1151, 1589,
92, 552, 1113,
1117, 1415,
274, 1119, 1120,
1121, 1122,
392, 1124, 1584, 1644,
274, 447,
161, 1127,
124, 1132,
42, 1028, 1057,
1115, 1958,
16, 340,
1843, 1902,
1143, 1478,
1413, 1608, 1865,
305, 499, 2194,
572, 1124,
12, 1153,
88, 1155,
595, 2215,
562, 1164, 1168, 1201,
274, 321, 1869,
12, 868, 1818,
1177, 1178,
340, 509, 1180,
297, 573,
430, 1181, 1183,
1161, 1184,
93, 1124,
857, 1183, 1185,
1079, 1478,
551, 1188,
12, 55, 1190,
12, 1367, 1709, 1986,
411, 2194,
390, 787, 1161,
12, 790, 1709,
274, 1120, 1206,
1143, 1208,
141, 1161, 1210, 2003,
12, 1008, 1211,
392, 1212,
12, 1161,
368, 1820,
1217, 1218,
1086, 1222, 1224, 1225,
1226, 1824,
551, 2240,
16, 314, 1234,
2193, 2240,
176, 1239,
578, 2215,
12, 392,
114, 1246, 2035,
1124, 1684,
1040, 1253,
1255, 1256, 1258,
392, 1595,
392, 432, 1264,
1212, 1239,
392, 1266, 1268,
42, 274, 1270,
1271, 1684,
926, 1266, 1273,
390, 1274,
274, 1276,
1914, 2042,
274, 550, 1278, 1279,
1281, 2042,
337, 1684,
357, 1283,
12, 1285, 1958,
220, 312, 1353, 1662,
12, 1294,
12, 1684,
340, 1296, 1684,
312, 1289,
1298, 1478, 1651, 1727,
42, 1236,
431, 590,
392, 1304,
220, 1263, 1597,
141, 392, 2042,
37, 340,
432, 1236, 1309, 1310,
37, 216, 383,
383, 392, 1312,
3, 551,
538, 887, 1727,
12, 432, 1143,
1273, 2123,
55, 1236,
790, 1184,
1217, 1656,
12, 887, 1325,
1155, 1164, 1262, 1330,
3, 664, 1545,
1350, 1684,
12, 407, 1352,
312, 1154,
1224, 1357, 1358,
357, 1256, 1359,
12, 1266,
12, 16,
92, 936, 1155,
1366, 1684,
376, 790,
392, 665, 1369,
12, 1371,
392, 561,
392, 854, 1376, 1377,
12, 1285,
1983, 2019, 2020, 2021,
1444, 1636, 2000,
392, 1218, 1391, 1393, 1394, 1396,
435, 1938,
340, 773,
773, 790, 1518,
12, 1212, 1236,
633, 674, 1403,
88, 963, 1893,
1485, 1555,
390, 1161,
12, 1289, 2067,
220, 1540,
340, 1153,
37, 1343,
314, 476,
107, 1228, 1433,
550, 790, 1434,
397, 2077,
200, 1669,
12, 383,
274, 304, 573,
862, 2067,
595, 1266, 1451,
318, 1607,
1181, 1452, 1456,
82, 790, 1161,
318, 946, 1082,
304, 1352,
12, 142, 1199,
395, 636,
1767, 1884,
12, 1161,
175, 1464,
485, 1278, 1380, 1467, 1468, 1469, 1682,
1287, 1471,
357, 1161, 1262,
314, 383, 1839,
1236, 1473,
1161, 1253, 2018,
1082, 1088,
1115, 2194,
12, 1236, 1258,
392, 1190,
1434, 1480,
509, 1483, 1484,
578, 1774, 1817,
42, 274, 1276,
42, 387, 1926,
12, 340, 1177,
357, 1488,
392, 1271,
392, 2042,
12, 1161,
340, 1628,
702, 841, 1494,
16, 1326,
312, 390, 1326, 1572,
88, 312, 1326, 2003,
198, 312,
92, 395, 1817,
1573, 1727,
805, 1359,
340, 2213,
535, 1735,
611, 952, 2194,
25, 810, 1519, 1744,
390, 1454,
901, 2090,
12, 312,
312, 806,
392, 1528,
1181, 1838,
16, 821, 1040, 1504,
1102, 1537,
666, 1181, 1220,
16, 312,
714, 924, 2023,
97, 312,
312, 1995, 2003,
12, 848,
100, 457, 1542,
12, 455,
274, 902, 2076,
395, 1148,
25, 628,
12, 1713,
1082, 1553, 1559,
1561, 1971,
595, 1562, 1792,
201, 312, 773, 1234,
810, 924, 1656,
781, 786,
810, 816, 1562,
357, 901,
652, 932, 1546,
407, 428, 1480, 2003,
12, 976,
12, 312, 509, 537, 1348,
12, 1202, 1995,
357, 1283, 2026,
810, 1581,
621, 1082,
1326, 1720,
12, 644, 1153, 1897,
312, 1082,
314, 390, 644,
312, 649, 2183,
312, 1593,
399, 1553,
595, 652,
649, 1082,
1546, 1602,
1063, 1376,
435, 628,
1299, 1556,
312, 1615, 1619,
644, 1625,
2019, 2040,
646, 1632,
489, 1343,
12, 340, 1720,
145, 1413,
312, 364, 539,
12, 1298,
406, 526,
578, 1652,
184, 583, 1082, 1658,
578, 897, 1471,
12, 121, 261,
762, 1140, 1504,
504, 1020,
88, 1664, 2069,
37, 1206,
468, 1667,
790, 1161, 1253,
141, 907,
1090, 1673,
595, 1675, 1678,
1328, 1679,
1401, 1519, 1823,
727, 822, 1546,
1690, 1691,
1208, 1325,
781, 1161,
262, 312, 664,
859, 980, 1546,
644, 1325,
25, 1112,
364, 1706,
314, 1161, 1706,
25, 594,
1181, 1239,
12, 1161,
37, 1716, 1717,
790, 1643,
314, 1234,
1204, 1728,
318, 1625, 1730, 1733,
1161, 1326, 1736,
1480, 1736,
16, 407, 1740,
498, 1082, 1573,
867, 1178, 1212, 1743,
312, 855,
88, 1902, 1983,
1185, 1493,
594, 867, 1501,
390, 1716,
937, 1289, 1828,
42, 398, 911,
340, 960, 1098,
1045, 1098, 1762,
1082, 1098, 1762, 1764,
12, 407,
539, 2194,
572, 1186, 1478, 1775,
1161, 1776,
872, 1236,
455, 1750, 2194,
16, 1161,
269, 392,
1236, 1678,
773, 1736, 1789,
1236, 1727,
1762, 1793, 1795,
223, 1799, 1802,
223, 407, 790, 1717,
397, 1031,
537, 1804, 1824,
312, 578,
12, 395, 1808,
12, 312,
390, 484, 1572,
1161, 1253, 1951,
53, 783, 901, 1812,
37, 468,
312, 390,
312, 1789, 1815,
1559, 1812,
312, 1377, 1579, 1582,
908, 1110,
562, 1413, 1869,
312, 1823, 1826,
340, 1122, 1828,
387, 1333, 1619,
42, 646,
12, 628, 2245,
262, 417, 2238,
198, 312, 1834, 1835,
595, 1042, 1078,
37, 42, 349,
462, 1100,
1281, 1837,
42, 1958,
462, 2194,
12, 1082, 1658,
12, 287,
92, 787,
462, 504, 1855,
42, 853,
12, 127, 349,
1857, 2009,
12, 37,
340, 390, 1161,
401, 1328,
12, 644, 912, 1546,
340, 1161, 1864,
128, 1758,
262, 1155,
834, 1155, 1377,
1274, 1329,
42, 387, 1274,
314, 1274, 1870,
12, 1871,
314, 390, 1161,
333, 351, 376,
1464, 1880,
12, 73, 539, 790,
12, 928,
37, 628, 1802,
312, 740,
1776, 1792,
1675, 1889,
644, 1404,
1082, 1478, 1892,
374, 866, 1401,
340, 1546, 1728,
16, 1900,
829, 1161, 1902,
314, 790, 1904,
175, 1908,
928, 1808,
357, 838, 1912,
122, 537,
12, 1540, 2196,
16, 312, 1645,
357, 1161,
318, 594, 1161,
576, 1929, 2117,
340, 1161, 1679,
312, 1540,
762, 1204, 1804,
42, 594, 1343,
12, 302, 1870,
874, 1205, 1333,
219, 340, 1852,
127, 644, 1946,
12, 13, 451,
1039, 1076, 1951,
42, 849,
25, 42, 1952,
97, 562, 1820,
318, 1908,
370, 1799,
15, 42, 843, 1877,
127, 1956,
16, 312,
12, 1326, 1963,
774, 870,
556, 1675,
312, 2109,
857, 1679,
12, 312,
1632, 1975, 1977,
980, 1667,
1263, 1853,
312, 562, 1691,
419, 1635,
175, 857,
12, 790,
37, 750, 1155,
1371, 1908,
1908, 1994,
790, 2248,
12, 1658,
1326, 1834,
100, 734,
12, 595, 2007,
12, 312, 1182, 2025,
628, 904, 2014,
16, 340,
12, 343, 1211,
318, 595, 2042,
1550, 2017,
1620, 1853,
783, 1643,
1237, 1413,
12, 88,
25, 318, 724,
314, 318, 1161,
390, 790,
42, 1619, 1952,
12, 37, 318, 2034,
392, 2037,
1326, 1849,
12, 1727,
790, 1298,
1155, 1366,
42, 1675,
318, 1239, 2048,
1890, 1995,
161, 455,
235, 468,
1581, 1733,
12, 262, 551,
392, 1534,
340, 773, 1679,
312, 2198,
175, 176,
340, 939, 1789,
664, 771, 790,
931, 1652, 1929,
351, 644, 1826,
790, 1326,
1082, 1159, 1658,
2073, 2075,
141, 1161,
175, 462, 1615, 2078,
440, 2080, 2082,
129, 161, 775, 1337, 1659, 2083,
151, 200, 1335, 1783, 1944, 2085, 2087,
100, 133,
1008, 2092,
395, 583, 767, 1713,
2101, 2103,
124, 1282, 2217,
12, 431, 551,
448, 1311, 2115,
215, 755, 1878, 2121, 2123, 2124, 2127,
641, 1333, 1413,
1333, 1407, 2132,
1413, 2003, 2136, 2137, 2138,
12, 1333,
919, 1094, 1413, 2145,
477, 1161, 1197,
4, 33, 312, 441, 2147,
264, 1121, 2150,
1246, 2152, 2153, 2154,
790, 2155,
843, 1413,
312, 1088,
1413, 1695, 2170,
475, 792, 1413,
444, 1312, 1413, 2171,
843, 1413,
613, 1340,
97, 1333, 2076,
542, 583, 1332, 2080, 2183, 2213,
12, 200, 1538,
12, 186, 1075, 1480,
12, 1741,
314, 390, 2190,
86, 1294, 2191,
1008, 2191,
86, 1753,
314, 1075, 2003, 2103, 2191,
16, 108, 2195,
92, 976,
124, 2217,
1310, 2233,
1679, 2200, 2201,
395, 1898,
220, 500,
980, 2212,
664, 2216,
175, 2219,
2212, 2221,
1395, 1709,
583, 2034, 2226,
551, 910, 1813,
12, 1075,
1456, 2191,
1253, 2194,
3, 2061,
1056, 2235,
2235, 2237,
498, 790,
2216, 2237,
12, 431, 455,
1599, 2243,
370, 2246,
392, 1008, 2237,
336, 1294,
12, 636, 1008,
1709, 2010,
6, 9, 18, 124,
357, 1912, 2042,
12, 1442,
24, 1827,
43, 274,
31, 2195,
1353, 1786, 2240,
291, 435,
343, 678,
340, 390, 1298, 1401, 1922,
54, 996, 2212,
58, 351, 376,
61, 1155,
65, 68, 1678,
92, 2191,
200, 1949,
376, 518,
1197, 1393,
87, 363, 1128,
96, 1393,
12, 431, 1253,
712, 1161,
130, 132, 1270,
314, 1972,
407, 539, 1911,
429, 843, 1826,
12, 314,
145, 1413, 1797,
164, 166,
164, 169, 174, 312,
177, 1528,
177, 188,
12, 193,
1609, 1874,
163, 202,
175, 1663,
68, 1197,
166, 252, 366,
12, 390, 1288,
12, 218, 970,
219, 226,
1037, 1212, 2067,
312, 2078,
312, 1386,
1008, 1976,
96, 166, 248, 970,
161, 250, 1963,
251, 1820,
4, 1051, 1253,
343, 1328,
267, 280, 1451, 1663,
42, 1413, 2145,
1264, 1554, 1794,
250, 283,
285, 312, 1178,
188, 1225, 2237,
250, 286,
101, 1895, 2152,
166, 303, 1977,
340, 1253,
121, 628,
12, 193, 1977,
48, 1413,
12, 330, 340,
312, 1350,
250, 338,
42, 293, 345, 1333,
340, 352, 1088,
357, 1008, 2042,
340, 362,
367, 1161, 2102,
16, 312, 1008, 1484,
371, 373, 1850,
1289, 2020,
340, 382, 985,
370, 1912,
405, 1086,
12, 405, 854, 2004,
42, 274, 412,
413, 988, 1226,
933, 1367,
37, 1413,
417, 426, 747,
12, 429, 727, 807, 1008,
1121, 1346,
438, 807, 1226,
439, 442, 451, 1008,
453, 456, 1835,
460, 779,
12, 201, 790, 1008, 2003,
695, 977, 1156,
996, 1419,
202, 481, 1617,
12, 141, 486, 1168,
202, 490,
494, 1164,
274, 460,
202, 216, 514, 1358,
4, 192, 1008,
312, 619, 2240,
252, 521,
100, 534, 1124,
1124, 1574,
392, 546, 1086,
521, 1222, 1350,
202, 549,
132, 250, 970,
521, 2221,
555, 2216,
555, 569,
338, 514, 570, 1156,
843, 1826, 2152,
570, 1740,
322, 487, 2017,
593, 596, 2171,
462, 597, 1212,
340, 610,
340, 610,
620, 931,
340, 630, 1384, 1537,
333, 1369, 1851,
586, 1485,
843, 1413,
201, 250,
655, 926,
655, 1393,
312, 1195,
843, 885, 1235,
24, 570,
1008, 1452, 1517,
960, 1253,
1008, 1083, 1743,
382, 539,
616, 1008, 2201,
12, 1933,
687, 1008, 1394, 1976,
1008, 1075,
790, 1161,
727, 822, 1008,
880, 1008,
188, 392, 1488,
12, 345, 704,
130, 343, 712, 1181, 2228,
774, 1867,
715, 1204,
124, 718,
166, 312,
610, 854,
202, 1429, 2201,
12, 262, 714,
218, 578,
602, 1413,
250, 382, 744,
396, 672,
312, 1743,
19, 303,
42, 312, 763,
312, 767, 769,
312, 490, 769,
274, 482,
274, 2145,
312, 1008,
12, 1008,
100, 312, 1088, 1118,
312, 490,
37, 193,
371, 486, 1494,
274, 2145,
312, 753, 1403,
1198, 1466,
376, 1857,
442, 790, 815, 2003,
48, 185,
274, 1314, 1413,
350, 1436,
366, 1004,
376, 727, 1561,
4, 441, 790,
202, 1008,
835, 1008, 1720,
1008, 1505,
340, 790,
12, 845, 846,
521, 687, 790, 860, 862,
274, 349, 1413,
741, 1161,
234, 390, 757, 2009,
1008, 1480, 2037,
4, 12, 314,
781, 1198,
390, 854, 1857,
539, 1492,
357, 2042,
12, 822, 1008,
631, 1567, 2067,
668, 721,
274, 304,
314, 1075,
120, 1995,
340, 413,
193, 312, 396, 916, 1008,
312, 371, 439, 2201,
12, 92, 193,
304, 815,
927, 1900,
250, 2042,
132, 252, 1331,
934, 1008, 1413,
820, 1565,
390, 860,
628, 845, 2150,
12, 514, 845,
201, 428,
950, 1008, 2235,
1008, 1480,
16, 916,
314, 790, 1480, 2075,
42, 1413, 1633, 1642,
424, 441, 790,
340, 958, 2014,
970, 2195,
1897, 1988,
963, 1550,
390, 790, 2003,
274, 968, 1413,
12, 1178, 2021,
390, 1326, 1458,
274, 973, 974, 1413, 2124,
979, 981, 1204,
371, 982,
12, 1934, 2191,
312, 539, 1754, 2084, 2194,
392, 990, 2191,
65, 970, 1008,
205, 837, 2180,
1008, 2103,
6, 358,
928, 1679,
816, 987, 996,
340, 1488,
130, 790,
274, 1413, 2145,
1008, 1088, 2201,
1422, 1557, 2103,
200, 1992,
37, 193, 1011,
248, 1012, 1464,
12, 1016,
202, 1016,
12, 438, 441,
250, 392, 690,
250, 340,
274, 2145,
195, 1032, 1035,
12, 931, 934,
308, 937, 1170,
1008, 1679,
744, 1723,
304, 1008,
931, 1052, 2103,
156, 1673,
55, 169, 392, 1976,
695, 1304, 1386,
382, 790,
274, 1413,
357, 370, 1065,
4, 12,
405, 1008,
305, 312,
127, 1445,
1075, 1758,
92, 193, 1077,
108, 340, 1161,
687, 790,
343, 970, 1994,
1008, 1161,
12, 704, 1091,
473, 509,
12, 1651,
1099, 1826, 2103,
632, 1413, 2127,
169, 250, 1101, 1103,
42, 1413,
42, 1104,
790, 1161, 1390,
1032, 1105,
392, 1996,
340, 1161,
340, 687,
1136, 1137, 1663,
312, 462,
88, 1008,
285, 521, 979,
96, 2008,
476, 2191,
721, 843, 2244,
1413, 1608, 2145,
1150, 1152,
202, 340,
357, 1912,
16, 1158, 1897,
314, 1008, 1508,
1008, 1160,
269, 274,
392, 928,
1413, 2152,
481, 1651, 2191,
312, 1058, 1390,
462, 1132,
1193, 1413,
98, 1196, 1413,
927, 947,
274, 1311,
1170, 1478,
274, 1413, 1599,
188, 366,
2042, 2078, 2212,
250, 481, 1651,
314, 1008,
274, 1193,
549, 1008, 1127,
174, 370,
12, 1679,
704, 2103, 2237,
1527, 1612,
12, 193, 1298,
974, 2191,
357, 2103,
1247, 1550, 1690,
1827, 2113, 2119,
12, 1521, 1639, 2111,
156, 1272,
1413, 2150,
200, 1670, 1852,
243, 1272,
1289, 1640,
452, 2067,
727, 843, 1715,
42, 446, 1413,
166, 1885, 2010,
1331, 1633, 2145,
334, 521, 1740,
312, 1187, 1919,
773, 2132,
312, 2019,
487, 1054,
141, 1317, 1318,
1177, 1550,
375, 595,
357, 1912,
1161, 1341,
1161, 1317,
745, 910,
1291, 1366,
790, 843, 1020, 2067,
274, 1364, 1684,
1364, 1396,
330, 333, 390, 1368,
1373, 1374,
12, 412, 1145, 2051,
340, 1268,
240, 1856,
527, 736, 924,
376, 1738,
251, 816, 1684,
412, 578, 1998,
333, 1405,
16, 1416, 1434,
229, 539, 2194,
53, 1296,
248, 979, 1424,
536, 1427,
12, 509, 1430,
12, 1837,
970, 1432,
1086, 1436,
516, 709,
430, 1294, 1439,
333, 1366, 1436,
509, 1161,
462, 946,
200, 539, 2051,
160, 1364,
1434, 1584,
12, 1403, 1439,
562, 1459, 2058,
392, 1393,
124, 2226,
1393, 1439,
1475, 1476,
1393, 1476,
12, 188, 1224, 1476, 1481,
462, 580, 658,
509, 1161,
1491, 2212,
284, 578, 864, 1393,
577, 1294, 1493,
42, 1679,
12, 314, 330, 581, 1161,
76, 1384, 1723,
318, 456, 1294, 2226,
274, 526, 1497,
12, 169, 1499,
37, 1510,
1008, 1180,
12, 16, 1161, 1864,
929, 2112,
314, 787,
1393, 2212,
58, 1357, 2212,
97, 843, 1377, 1764,
1530, 1531, 2191,
1364, 1536,
1539, 1541,
12, 1544, 2191,
124, 2217,
262, 980,
12, 1008,
462, 2201,
1266, 1551, 1552,
12, 1155,
15, 312, 773,
392, 1112, 1155,
128, 1434,
12, 1568, 1569,
12, 141, 958,
12, 1430, 1857,
12, 1436,
141, 267,
747, 1424, 1576,
16, 239, 390,
357, 365,
12, 509, 1857,
96, 428, 790, 1666,
1078, 1310,
1568, 1569, 1583,
312, 1869,
16, 314, 1310, 1587,
462, 1544, 2035,
354, 803, 867,
1008, 2216,
314, 765, 2188,
167, 1434,
348, 982,
1530, 2237,
314, 1605, 1867,
12, 687, 1008,
357, 1035,
314, 2028,
201, 314, 790,
314, 790,
340, 1391,
141, 431,
318, 1475,
1342, 1670,
1281, 1436,
509, 1161,
1204, 1434,
4, 594, 1161,
16, 1646,
318, 1651, 1679,
16, 1161,
12, 340,
4, 779, 1373,
41, 251, 1436, 1650,
1088, 1374, 1475,
156, 1510,
314, 1605, 2003,
12, 1161, 2037,
1037, 1350, 2147,
1551, 2235,
340, 507, 2067,
195, 843, 1803,
392, 1037, 2042,
314, 1161, 2042,
967, 1008, 1758,
312, 1787,
709, 1513,
533, 1915, 1936,
357, 2191,
1161, 1236, 2205,
946, 1934,
578, 1393, 1972,
124, 2217,
314, 1161, 1705,
709, 2191,
787, 981, 1202,
12, 304,
1161, 1857,
141, 1133, 1266,
775, 1711,
16, 773,
16, 1204,
1294, 1539, 1815,
1237, 1693,
407, 1705,
392, 1737,
487, 1008, 1742,
12, 262, 1393,
357, 1912, 2042,
33, 1434, 1746,
125, 350,
1361, 1378,
456, 1156,
1413, 1751, 1752,
1371, 1756,
139, 628, 845,
350, 655,
165, 864, 1008,
893, 1008, 1211, 1763,
970, 1763,
188, 1770,
312, 412, 2116,
978, 1435, 1869,
125, 630,
436, 512,
441, 486, 1160, 1371,
188, 1790,
188, 534, 655, 693,
1099, 1432,
1806, 1807,
709, 2201,
1161, 1527,
390, 1161, 1807,
1752, 1816,
16, 1161,
301, 2166,
89, 968, 1829,
1247, 1833,
88, 743,
42, 274, 1845,
879, 1841,
390, 2065,
709, 1845,
456, 493,
790, 1161, 1856, 1858,
456, 1860,
493, 767, 1863,
440, 767, 1094, 1161,
521, 1829,
1539, 1756,
340, 1028,
521, 564, 1730,
340, 790, 2190,
440, 1011,
1245, 1435, 1662,
127, 340, 569,
376, 452, 1876,
357, 435, 1161,
12, 767,
767, 1124,
12, 312,
373, 2153,
2019, 2040,
304, 431, 1331,
958, 1886,
397, 2067, 2077,
88, 390,
767, 2102,
539, 773, 1686,
357, 658,
357, 436,
274, 1246,
333, 595, 1094, 1922,
280, 1886,
312, 443, 1898,
430, 1617,
301, 2039,
291, 1212, 2067,
462, 655, 672,
1008, 1247, 1806,
412, 1151, 2194,
482, 843,
854, 1959, 2213,
462, 796,
879, 903, 1227,
879, 1612,
166, 1959,
1969, 2115,
340, 1522,
150, 441, 499, 1161,
1752, 1980, 1982,
235, 1075, 2103,
460, 1182,
12, 1008,
1737, 1901, 1987,
312, 333, 1231, 1946,
283, 340,
127, 2115, 2187,
638, 1161, 1269,
12, 1269,
493, 1185,
291, 879,
175, 1161,
1161, 2005,
88, 166, 1734, 2201,
1413, 1788,
407, 2015,
64, 1257, 2022,
53, 787, 1008,
4, 787, 2024,
509, 685,
1008, 1518, 2201,
486, 1751,
366, 630,
452, 1161, 2005,
462, 490, 2041,
357, 2041,
1185, 2045,
366, 928,
96, 1115,
141, 459,
376, 1323,
12, 2175,
286, 1522, 2175,
392, 436, 1913,
392, 610, 709, 893, 1834,
12, 1539,
147, 2032, 2082,
767, 1752,
12, 1247, 2015,
440, 1008,
274, 816, 1413,
12, 183, 1959,
465, 1008,
790, 843, 1161, 2065,
1052, 1174, 1609,
1602, 2210,
125, 551, 1637,
1008, 1161,
595, 1895, 2064,
340, 1088, 1341,
549, 716, 2084,
48, 1413,
42, 429,
407, 441, 790, 826, 1161,
1518, 2097,
441, 1008, 1204,
12, 1161,
312, 993,
270, 1008,
340, 390,
1218, 2192,
351, 376, 1995,
1161, 1857,
2025, 2046,
166, 595,
1161, 2065, 2128,
357, 1444,
42, 1413, 2134,
2106, 2226,
42, 1333, 1858,
843, 2134,
395, 1437,
373, 2252,
440, 1161,
1323, 2161,
2163, 2210,
42, 1845, 2167,
42, 325, 2173, 2174,
318, 452, 1970,
128, 349, 843, 1413,
42, 1942,
347, 2180,
2184, 2189,
1161, 2193, 2194,
392, 2199, 2203,
312, 993,
2215, 2218, 2220,
63, 196, 551, 2224,
477, 2227,
1413, 2231, 2232,
2003, 2233,
1204, 2065, 2162,
274, 1969,
42, 429,
924, 2055,
390, 441, 1148,
22, 29,
36, 843, 1715,
342, 1212,
273, 1413, 2123,
12, 49,
595, 656,
312, 619, 1425,
268, 1550,
656, 879,
115, 289, 350, 1322,
1461, 2138,
497, 586, 973, 1413,
1363, 1826,
588, 1284, 1853,
15, 145, 2170,
418, 1566,
322, 1132, 1752,
340, 2003, 2123,
42, 843, 2067, 2076,
175, 210,
212, 217,
212, 1480,
1413, 1775,
1413, 2137,
240, 769, 2203,
274, 843, 1277,
61, 267, 2116,
309, 1150,
313, 460, 2154,
321, 843, 2123,
1988, 2194,
390, 452,
386, 391,
406, 408, 2152,
660, 680, 728,
157, 1163,
200, 312, 2053,
42, 1991,
37, 206, 1113, 1272,
12, 340, 523, 816,
87, 1727,
1688, 2195,
12, 312, 539,
1895, 1919, 2113,
557, 559, 1161,
571, 1413,
587, 833, 2219,
455, 2000,
248, 2065,
618, 928,
629, 2174,
350, 390,
392, 643,
12, 803, 1241,
340, 539, 2194,
650, 1298,
12, 373, 767, 2194,
661, 662, 1212,
279, 420, 549,
430, 1727,
392, 816, 1377,
1113, 1371, 1727,
521, 676, 677, 977,
200, 1758,
340, 2097,
682, 1727,
370, 691,
97, 699,
390, 1204, 2123,
1853, 1915,
720, 1478,
650, 1536, 2207,
373, 1478,
620, 682, 1664,
737, 1550,
210, 248,
25, 355, 1541, 2101,
342, 350, 1460, 1895,
1519, 2106,
778, 780,
786, 2174,
791, 2194,
54, 1827, 1848,
304, 976, 1413, 1681,
373, 794,
228, 350, 797,
1531, 2003,
767, 813,
312, 820,
354, 1139, 2203,
312, 697,
590, 832, 840,
12, 452, 746, 790,
578, 682, 868, 1478,
12, 200, 268,
885, 886,
200, 1161,
677, 832, 891,
97, 1709,
868, 891, 1675,
1343, 2224,
791, 2111, 2194,
843, 885, 906,
312, 539, 773,
779, 910,
682, 915,
915, 923,
156, 1237,
248, 294,
521, 595,
923, 938,
294, 352, 938,
357, 691,
92, 300,
252, 1584,
737, 1491,
460, 953, 1328,
390, 1709, 1946, 2065,
390, 2060,
962, 1413,
48, 92,
578, 832,
312, 820,
340, 820, 986,
1298, 2142,
1413, 2233,
587, 1752,
333, 2194,
820, 1826,
2121, 2194,
312, 1005,
551, 822,
340, 373, 1159,
1212, 1636, 2149,
429, 627,
1204, 1245,
963, 1402, 1605,
1230, 1371,
81, 1236,
1050, 2123,
200, 1200,
822, 1752, 1995,
390, 1762,
928, 1028, 1063,
1064, 1550, 2194,
820, 1066, 1068,
200, 589,
12, 908,
248, 1959, 2194,
206, 899,
595, 737,
661, 791,
354, 595, 786,
833, 903, 1230,
150, 233,
312, 790, 1417,
200, 312, 790,
822, 1752, 1995,
12, 354, 1117,
12, 539,
452, 539, 1856,
252, 431, 2005,
790, 1110,
201, 539, 2194,
12, 1727,
1960, 2065,
306, 1460,
349, 440, 2003,
12, 629,
12, 790,
791, 1141, 1752,
306, 312, 1230,
595, 1230,
356, 2167,
303, 1132, 1162,
312, 375,
12, 180, 1338, 1447,
89, 699, 1826,
1176, 2049,
193, 621,
300, 509, 1480, 2103,
337, 2019,
312, 1563, 1936,
25, 1490, 1563,
12, 35, 37, 295,
370, 2203,
12, 635, 1219,
337, 481, 578,
1227, 2192,
1371, 1561, 2203,
1229, 2203,
12, 790, 1067,
843, 1337,
193, 1161,
1240, 1243,
133, 340, 790,
843, 2003,
826, 1161, 2048,
1946, 2213, 2243,
1161, 1260,
16, 2097, 2194,
452, 1280,
227, 314, 790, 2035,
1672, 1969,
121, 1790,
373, 589, 765, 1576,
342, 1104, 1650,
462, 1292,
914, 1293,
111, 1297,
312, 578, 1212,
1023, 1490, 1674,
312, 1124,
1161, 1313, 1541,
274, 1113, 1413,
217, 452, 1838,
1315, 2043,
227, 1161, 1327,
718, 1672,
12, 373,
274, 452,
312, 1161, 2194,
578, 1229, 1541,
1113, 1355,
179, 1362,
154, 1064,
1383, 1900,
274, 2003,
12, 1161, 2022,
392, 567, 726,
318, 926, 1131,
12, 1400, 1550,
595, 1004, 1212, 1944,
340, 452, 1402, 1758,
411, 1501,
274, 2003,
364, 452,
1101, 1103, 1852,
274, 843, 2132,
274, 843, 1295, 2076,
141, 370, 1444,
357, 1446, 1448,
12, 367, 1457, 1959,
1448, 1462,
1368, 1950,
452, 1141, 1326, 1457,
452, 763, 2003, 2219,
373, 452,
250, 452,
37, 1113, 1272,
820, 1947,
1489, 1980,
312, 583,
509, 1161, 1720,
590, 1355, 1511,
1579, 1936,
318, 1355,
306, 312,
312, 452,
300, 1243,
42, 1821,
452, 2042, 2163,
12, 312, 1548,
1524, 1938, 2042,
822, 1406,
12, 452, 691,
357, 748,
274, 431, 614,
318, 333, 1564, 1677, 1752,
1674, 1975,
452, 655,
462, 1580,
25, 42, 1945,
88, 340, 1589,
1590, 1592,
312, 452,
200, 980, 1597, 1650,
25, 468,
88, 813,
92, 578, 2183,
210, 1613,
551, 1622,
613, 1626,
539, 1005,
92, 1630,
928, 1212,
452, 1413,
20, 1630, 2075,
452, 1046, 1590, 2183,
248, 452,
452, 1648,
274, 843, 1337,
452, 1622,
1075, 1253,
767, 790,
48, 1683, 1685,
1511, 2003, 2123,
312, 790, 1946,
12, 1694, 1696,
452, 635,
1400, 1698, 2203,
1371, 1698, 1724,
763, 843, 1514,
453, 1005, 1371,
446, 2003,
796, 1895,
303, 1583,
661, 1721,
661, 1726, 2194,
12, 426, 2201,
1739, 1749,
133, 231, 1908,
210, 312, 452, 1110,
811, 1694, 2194,
1727, 1778,
289, 1780, 2194,
586, 662,
319, 452, 790, 1504, 2194,
559, 1174,
31, 1598,
312, 452, 1607,
373, 395, 1161, 1458,
862, 1413, 2003,
1596, 2012,
12, 408,
342, 350,
119, 1034,
452, 539, 986,
539, 661,
340, 443, 790, 1819,
797, 2029,
250, 373,
863, 1822,
452, 1984,
206, 289,
12, 2123,
206, 2251,
12, 452, 1066,
250, 452, 1580, 1778,
13, 130, 356, 2194,
462, 1787,
1778, 2214,
250, 1879,
452, 1066,
42, 429, 1799, 1826,
12, 1888,
1009, 1489, 2065,
12, 312,
551, 708, 2203,
2013, 2166,
12, 16, 1099,
115, 1605, 2067,
312, 790, 1268,
289, 980,
452, 1927, 2218,
452, 790, 2220,
452, 1161, 1932,
452, 539, 1161,
578, 1584, 2183,
555, 588,
452, 661, 765,
352, 1580,
1885, 2013,
357, 452, 1693,
12, 787, 1161, 2190,
392, 1243,
16, 539, 1149,
312, 1260,
12, 373, 1964,
373, 1966,
12, 351, 1548,
845, 1161,
843, 1413, 2003,
1413, 2003,
12, 127, 1826,
2003, 2123,
80, 1626,
18, 370, 417,
721, 1628, 1949,
479, 571,
628, 1993, 2169,
407, 790,
407, 452,
265, 370,
77, 1863, 2013,
223, 488,
962, 1413,
36, 610,
373, 1327, 2036,
261, 390, 1198,
928, 2044, 2046,
843, 878,
333, 2065,
88, 1969,
1909, 2059,
431, 1075, 2123,
435, 1253,
790, 1161,
718, 1662,
154, 2071,
12, 16, 2074,
390, 2097, 2194,
309, 452, 763, 1161, 2194,
12, 312, 452, 1161, 1964,
477, 1373, 2076,
390, 1161,
556, 2088,
312, 2065,
274, 1413, 2003,
312, 539,
1270, 1413, 2104,
1373, 1457, 2107,
37, 1298,
309, 1161,
12, 190, 373,
12, 1161,
12, 1377, 1826,
340, 1161,
312, 635, 1518,
309, 312,
12, 452,
452, 1524,
349, 452, 2003,
370, 1543,
248, 452, 2129,
312, 1214, 2105,
1371, 1833,
2003, 2141,
37, 1413,
296, 340, 390,
250, 1212, 2168,
274, 406, 1413,
333, 658, 1295,
340, 373,
340, 1161, 2181,
318, 452, 2186,
312, 373, 452, 2192,
332, 1613,
1065, 2209,
452, 1590,
12, 1371,
159, 452, 1280,
12, 340,
12, 1826, 2194,
435, 724, 1550,
373, 539,
312, 2101,
641, 1315, 2194,
333, 720,
7, 539, 1303,
539, 1303, 1819,
373, 452,
340, 2194,
12, 392, 565,
376, 1580,
289, 813, 2168,
270, 424, 790, 1160,
636, 1204, 1888, 2194,
12, 44, 1518,
452, 618, 1016,
278, 1750,
210, 790,
1204, 2186,
349, 1413, 2109,
452, 474, 539, 1506,
431, 452, 843,
452, 578, 1780,
4, 452,
73, 790, 2194,
790, 1158, 1588, 2194,
12, 1550, 1826,
452, 539,
1916, 2101,
120, 239,
350, 357, 1065,
12, 250,
117, 127, 462,
333, 340,
452, 763, 1413, 2003,
12, 342,
452, 2194,
606, 672,
1009, 1161,
349, 429, 2003,
13, 477, 2042,
452, 1161,
1413, 1695,
748, 835, 1993,
390, 790,
1389, 1478,
318, 436,
452, 924, 926,
12, 197, 452,
20, 813, 2194,
340, 373, 761,
304, 854, 1413,
525, 578, 1840,
452, 1564, 1580, 1819,
312, 782, 1843,
12, 820,
123, 210, 330,
16, 351,
312, 462,
4, 340,
340, 1161,
843, 1270, 2003,
1852, 2101,
498, 1636,
1413, 2003,
12, 312, 1313,
390, 452, 1857,
373, 539, 1161, 2065,
12, 210, 373, 463,
1075, 1161,
1161, 1313,
452, 507, 1550,
1160, 1727,
274, 452, 1413,
373, 390, 1068,
862, 1413,
12, 452,
543, 886, 2165,
588, 1407,
553, 595,
1239, 1990,
12, 498, 617, 1827,
622, 748,
578, 642,
551, 617, 1666, 2103,
312, 478,
12, 642,
655, 2174,
175, 1413,
357, 477,
477, 846,
357, 879,
392, 928,
201, 390,
729, 976,
729, 1892,
392, 769,
392, 976,
870, 1348,
44, 773,
1413, 1775,
252, 633, 976,
229, 827, 879,
417, 551, 793, 799,
818, 1413, 1775,
434, 593,
926, 1821, 2166,
312, 1689,
781, 1210,
64, 1373,
342, 1377,
12, 477, 864,
12, 252, 435,
354, 1255, 1795,
540, 1328,
595, 900,
450, 2165,
450, 1413,
42, 997,
458, 551,
772, 2010,
175, 610,
357, 417, 954,
89, 955, 1413,
306, 1460, 1772,
16, 1075,
588, 884, 2062,
984, 2132,
12, 2213,
477, 553, 1826,
274, 1413,
350, 2227,
190, 995,
340, 434,
666, 2194, 2215,
16, 1161,
306, 1648,
1021, 1355,
1371, 1573,
621, 1292,
97, 1043,
350, 370,
357, 2209,
351, 1059, 1298,
174, 452,
274, 304, 452,
314, 407,
1536, 2078,
995, 1089,
58, 578, 642,
12, 2146, 2194,
12, 799, 984,
1027, 1106, 1355,
340, 594, 1161,
465, 551,
373, 790, 1161,
357, 744, 2045,
128, 1125,
562, 593,
175, 642,
312, 455,
340, 349, 621, 1158,
1008, 1125, 1161,
477, 1146,
1212, 1413,
1161, 1483,
1922, 2062,
391, 392,
312, 987, 2201,
1146, 1474,
417, 1065, 1185,
12, 1484, 1857, 1898,
251, 987,
12, 1161, 1198, 2065,
1205, 1413, 2203,
274, 431, 2153,
37, 1309,
201, 390,
1075, 1931,
12, 390,
621, 2042, 2123,
12, 190,
274, 1413,
12, 1161,
279, 2071,
16, 1249,
139, 373, 1355,
1161, 1826,
1161, 1550, 2252,
12, 223,
12, 390, 2036,
333, 351, 376, 1153,
12, 392, 1282,
12, 1290,
12, 1161, 1826,
12, 340,
908, 1161,
462, 642,
1185, 1306, 1389,
12, 621,
16, 340, 1161,
16, 1319,
312, 658,
12, 1993,
12, 443, 2194,
12, 1356,
509, 642,
1132, 1894,
628, 1161,
12, 314, 373,
585, 1826,
314, 1857,
159, 340,
16, 1552, 2194,
1411, 1426, 2083,
618, 1431,
312, 790,
513, 539,
312, 462,
1479, 1485,
1487, 1995,
905, 1495,
312, 2125,
1678, 2230,
843, 884,
13, 92,
12, 1532,
364, 843, 1545,
25, 733, 1547,
905, 2161,
539, 790, 2065,
1174, 1555,
2116, 2125,
392, 1124, 1560,
25, 892,
31, 49, 539,
12, 1185, 1582,
37, 1585,
510, 1426, 1601, 2206,
12, 399, 2125,
25, 1639,
193, 452, 1954,
12, 1410, 1649,
578, 1649, 1847,
513, 2215,
1660, 2215,
1046, 1161,
482, 843, 1230, 1975,
583, 1671,
1697, 1994, 2194,
1100, 1701,
462, 1230,
229, 312, 1466, 1563,
1719, 1725,
312, 597, 1867,
312, 1759,
12, 390,
513, 1413,
12, 261, 701,
513, 793, 1787,
12, 312, 1268,
843, 1790, 1797,
12, 2149,
42, 843,
1137, 1468,
1818, 1821,
1462, 2194,
170, 905, 1697, 2227,
1854, 2194,
804, 814,
452, 939,
200, 1701,
1485, 1868,
12, 513, 1877,
407, 1253, 1665,
12, 1046, 1661,
1671, 2212,
539, 1253,
261, 980, 1671,
905, 1431, 2215,
452, 539,
372, 1705,
272, 1161, 1765,
12, 539,
431, 1899, 1910,
1001, 1980,
539, 1182, 1868,
463, 539, 773,
12, 259, 340,
818, 1821, 2194,
1413, 1673,
12, 200, 1161,
1185, 1937,
1049, 1289, 1948,
12, 1161,
14, 955, 1783, 1954,
1847, 1955,
409, 1968,
1550, 1978, 1995,
431, 815, 843,
12, 1671,
539, 1310,
1956, 1965,
340, 1161,
12, 16, 1050,
1413, 1975, 1998,
12, 340, 1999,
244, 1162,
252, 686, 2002,
586, 1797, 2160,
541, 833,
765, 790, 2018,
390, 1268, 2067,
2038, 2039, 2199,
1312, 1328, 1899,
357, 658,
1414, 2056, 2057,
12, 71, 1857,
366, 1362, 1775, 2231,
1136, 1787, 2064,
1176, 1769, 2070,
36, 843,
781, 2194,
200, 357,
92, 2118,
431, 452,
36, 843,
1431, 1838,
70, 2137,
312, 340, 423,
12, 522, 2144,
313, 1810,
482, 1461,
108, 2177,
316, 628,
22, 48, 270, 2197,
1446, 2204, 2223,
12, 364, 1459, 2092,
1762, 2225,
1103, 1377,
392, 1777, 1826,
175, 384,
1075, 1253,
1633, 2241,
884, 2057, 2244,
475, 1413,
263, 2249,
5, 12, 748,
373, 947,
32, 195, 370,
46, 47, 2200,
312, 1410,
51, 1978,
390, 2194,
47, 2194,
1009, 1253, 2194,
25, 595, 1197,
12, 377, 1091,
137, 142,
162, 539,
23, 181, 357, 1219,
291, 1189,
137, 1907,
214, 1968,
350, 1170, 1490, 1991,
195, 242, 1156, 1746,
242, 1532,
255, 2123,
1204, 1476, 2194,
12, 1965,
25, 339,
12, 431, 1012,
16, 539, 1383,
242, 1690,
312, 741,
427, 2194,
491, 506,
242, 2215,
12, 767,
539, 790,
682, 757, 2224,
46, 302,
790, 2194,
213, 459, 2194, 2232,
1172, 1498,
588, 2215,
308, 790, 2194,
390, 539,
451, 578, 1320,
16, 1978,
312, 723, 1978,
12, 46, 431,
4, 452,
12, 165,
276, 1560,
312, 723,
42, 429, 546,
468, 1377,
12, 305,
2010, 2226,
267, 2194,
2146, 2194,
25, 1743,
350, 865,
373, 390,
270, 715,
1895, 2063, 2242,
54, 909, 922, 1478,
12, 539,
1472, 2067,
910, 1212,
590, 865, 1445, 1871,
909, 1968,
957, 1948,
969, 1705,
1176, 1413,
991, 1156,
12, 312, 991,
16, 969,
997, 1371,
884, 1007,
790, 1010, 2194,
12, 312, 390, 1013,
2019, 2194,
312, 748, 1013,
578, 1047,
721, 1161,
539, 1831,
1889, 2194,
200, 1072, 1545, 2194,
12, 312, 1062,
583, 1073, 1074,
354, 2035,
162, 1047, 1092,
370, 416, 1047,
446, 1535,
539, 1161,
11, 539,
1478, 1487,
1130, 1487,
1130, 1138,
210, 312, 1203, 1726,
1155, 1161,
583, 1074,
595, 649, 1650,
48, 1363, 2197,
12, 1172, 1826,
357, 2144,
12, 210,
312, 1179, 1995,
1187, 1487,
1248, 1696, 2035,
12, 1046, 1155,
1192, 1194, 1487,
302, 357,
521, 1215,
321, 869,
462, 1821, 1848,
1161, 2065,
1161, 1244, 2093,
1244, 2194,
308, 312,
813, 1275,
92, 200,
1286, 2194, 2246,
1299, 1300,
162, 395, 1161,
1307, 2201,
312, 1253, 1344, 2194,
12, 1132,
357, 1356,
200, 455, 628, 2104,
843, 1947,
1, 1204, 2194,
724, 1170, 1831,
12, 333, 1397,
48, 1408,
12, 1155, 1275,
194, 630, 2111, 2141,
840, 1462,
48, 1413,
419, 1194, 1781,
1215, 1462, 1494,
1438, 1494,
431, 539, 1253, 2194,
172, 1188,
462, 843,
590, 1212,
807, 909,
125, 1496, 2131,
632, 1408, 1826,
419, 813, 957,
583, 1502,
4, 12,
48, 953,
25, 1502,
1123, 1542,
515, 520, 1148,
291, 1787,
1009, 1579, 1859,
666, 2118,
689, 790, 1204,
1614, 1648,
304, 2039,
25, 1199,
955, 1545, 2102,
101, 1307, 2030,
843, 2076,
1300, 1999,
12, 539,
578, 1487,
370, 769,
1668, 1709,
2147, 2172,
1431, 1713,
588, 1212, 1582,
1212, 1284,
357, 370,
843, 1662, 2147,
1495, 1752, 1782,
1579, 1911,
419, 1978,
1204, 2065, 2229,
12, 16, 1462, 2065,
312, 1826,
868, 1181, 2194,
312, 1836, 2106,
12, 210, 539, 790,
1570, 1851, 2194,
407, 468, 871,
12, 1978,
306, 879, 1425, 1579,
12, 596, 1927,
25, 2046,
132, 195,
340, 539, 1866,
312, 879,
185, 1161, 1170,
255, 1413,
12, 1890,
274, 924, 926,
1161, 2089,
539, 1161, 1826,
843, 1910, 1926,
312, 2111,
12, 265,
340, 1161, 1866,
5, 815, 1413,
25, 1935,
201, 340, 1161,
12, 1941, 1953,
373, 1253,
509, 868, 1181, 1978,
135, 1198,
1212, 1710,
214, 2070,
210, 312, 539,
312, 1654,
588, 1330,
790, 1204,
820, 1664, 2070,
16, 1204, 1923,
562, 863,
539, 2011, 2194,
340, 1522,
492, 1579,
42, 843,
92, 159, 2055,
48, 200,
1924, 2144,
25, 1396, 2070,
843, 1945,
660, 1711, 2129,
210, 397,
879, 1709,
1080, 1709, 1826,
643, 1749,
640, 654,
793, 1727, 2228,
12, 312, 390, 1161,
312, 764, 2060,
340, 539, 1010, 1507,
12, 1192,
97, 1162,
12, 350, 1161,
1999, 2248,
395, 539, 1826,
340, 1161, 1826,
3, 12,
16, 312, 1826,
12, 71, 1478,
12, 628,
48, 101,
1752, 2124,
1502, 1713,
110, 1161,
64, 312, 1212,
12, 199, 2011,
199, 773,
462, 588, 1179,
12, 25, 1713,
54, 312,
12, 539, 1462, 2038,
780, 1431, 2225,
11, 539, 2144,
236, 900,
1212, 1664,
419, 1179, 1185,
12, 826, 1462,
335, 1156, 1181,
395, 1199, 1226,
36, 1662,
12, 1570,
12, 181, 431,
373, 1161,
159, 197, 340, 1161,
340, 441,
395, 1204,
12, 340,
1418, 1438,
407, 1856,
647, 857,
695, 1075,
12, 1550, 2074,
1161, 2194,
420, 1443, 1494,
12, 790, 1161,
4, 12, 1344,
435, 590, 1212,
312, 340, 1443,
362, 790, 2194,
539, 1166,
372, 947,
312, 773,
340, 1796,
197, 628, 1161,
1413, 1877, 1910,
242, 703, 1074,
42, 2002,
790, 2194,
895, 1545, 1711,
12, 135,
924, 926, 981, 1176,
210, 452, 539, 2181,
1253, 1946, 2239,
756, 843, 2003,
42, 843, 2057,
12, 1999, 2065,
200, 777, 1987,
333, 1023, 1289, 2242,
870, 1158,
539, 827, 1161,
539, 562, 837,
54, 200, 786,
834, 1172,
661, 1106,
938, 1371,
12, 312, 1876,
312, 1144, 1895,
790, 1531, 2194,
777, 820,
73, 390,
777, 1172,
446, 1707,
464, 1159,
342, 958,
97, 948, 1639,
727, 822,
1739, 2115,
1721, 1968, 2188,
12, 790,
630, 1787,
999, 1240, 1749,
1176, 1413,
992, 2203,
312, 787, 1398, 1442,
88, 312, 452, 2252,
373, 1727,
1445, 1675,
291, 1048,
115, 392, 1048,
370, 1085,
12, 1313,
728, 820,
820, 1116,
415, 1293,
390, 539, 2194,
1141, 1172, 2034,
12, 879, 1399,
12, 1066, 1137, 2123,
233, 583, 820, 1116,
414, 843, 2076,
200, 1462,
471, 790, 1161, 1462, 1628,
312, 539, 786, 1306,
12, 976, 1727,
184, 312,
1175, 1743, 1752,
1172, 1416,
1172, 1209,
25, 180,
200, 223, 822,
9, 1899,
1172, 2108,
200, 312, 463,
693, 1485, 1982,
200, 1209,
12, 395, 1628,
1138, 1172,
357, 1265,
12, 452,
1398, 1399,
1043, 1787, 2007,
1172, 1175, 2215,
340, 778,
539, 1134,
12, 539,
312, 390, 963,
200, 1387,
37, 1059, 1651,
312, 539, 920,
1809, 1895,
452, 1298,
13, 200, 1007, 1265,
46, 595, 1550,
1402, 1418,
312, 333, 640,
150, 843, 1334,
12, 335,
790, 1565,
25, 1450, 1579,
150, 349, 1899,
583, 1225, 2212,
1478, 1549,
720, 958, 1935,
2194, 2204,
200, 1953,
373, 539,
317, 539, 2194,
12, 1941,
578, 1144,
51, 647, 1641,
12, 790, 1647,
420, 1519, 1641, 1657,
539, 790, 826,
364, 756, 1134,
312, 2194,
200, 1607,
200, 2059,
275, 938, 1172,
200, 340, 452, 1161, 1387,
340, 969, 2194,
377, 1995,
431, 452, 1293,
200, 1911, 1932,
695, 1727,
1535, 2203,
958, 1273,
25, 661, 2057,
32, 1777,
312, 373, 509,
354, 1172,
777, 780,
200, 1161,
1856, 2195,
420, 1675,
12, 790,
843, 1775, 2013,
1814, 1827,
12, 948,
1387, 1902,
390, 539, 1883,
354, 1580,
200, 682, 1651,
12, 390, 1161,
312, 390, 789,
578, 964,
395, 1648, 1917,
449, 1573,
1161, 1273, 1647,
407, 822, 2108,
156, 883, 1673,
200, 395, 1883,
12, 390, 1161, 1857,
117, 1899, 1961,
787, 1006, 1453, 1787,
539, 1984, 1985,
195, 357,
189, 431, 843, 1454,
312, 903, 1230, 1496,
291, 1455,
986, 1253, 2065,
780, 1975, 2033,
12, 628,
539, 1298, 1705,
51, 1657, 1961,
258, 1357,
756, 790, 1907,
200, 312, 2228,
337, 1229,
1289, 1843, 2166,
12, 773, 1139,
354, 1161,
2089, 2194,
200, 330, 340,
198, 390, 1204, 1545,
1046, 1253,
291, 364, 2095,
357, 370,
431, 641, 2003,
159, 1161,
291, 622,
12, 431,
12, 312,
687, 790, 1161,
12, 773,
395, 773,
73, 790,
12, 262, 1842,
790, 2194,
12, 340,
210, 1641, 1904,
498, 1826, 1843,
390, 2239,
19, 312, 987,
221, 390, 790,
12, 790,
586, 1145,
12, 16,
274, 1298, 1435,
211, 1985,
820, 1333,
12, 1741,
312, 539, 1449,
308, 312, 2024,
312, 452, 1805,
375, 414,
308, 473, 525,
530, 533, 1679,
461, 1965,
399, 1837,
579, 1256, 1550,
110, 530,
372, 1550,
312, 410,
1075, 1949,
303, 680, 1377,
395, 1782,
684, 717, 1709,
684, 1741,
745, 1787,
781, 1821,
824, 1037,
820, 825, 1337,
308, 441, 539,
586, 1193, 1775,
887, 2173,
333, 340,
1592, 1890,
937, 940,
312, 2067,
542, 972,
247, 1560,
412, 1006,
200, 364, 1992,
1347, 1709,
843, 1109, 1433,
790, 1427,
412, 509,
539, 939, 1248,
807, 1145,
410, 996,
539, 1193,
1805, 2005, 2229,
312, 2194, 2215,
308, 1213, 2076,
110, 308, 2215,
473, 1227,
12, 1231, 2190,
308, 390, 1046, 1161,
1377, 1877,
452, 507, 1593,
1238, 2194,
843, 1497,
308, 887,
657, 1263,
1301, 1689,
1418, 2177,
270, 2065,
200, 774, 1340, 1353,
392, 494, 1354, 1360, 1381,
503, 790, 1161,
539, 2194,
234, 539, 2194,
308, 825,
902, 1279, 1435,
110, 790,
1477, 1486, 1917,
324, 996,
340, 1174,
200, 906, 1078,
223, 773,
261, 340, 870, 1686,
200, 748, 1610,
64, 1551,
1556, 1669,
452, 2244,
175, 583, 1700,
236, 354, 1302, 1360, 1381,
557, 814,
12, 640,
1586, 1754,
230, 1301, 2039,
1772, 1773,
491, 1900,
1089, 1333,
291, 1810, 1855,
357, 1119,
1212, 1954,
551, 579, 1263, 1813,
1263, 1853, 1955,
75, 1862,
220, 312,
12, 922,
551, 1881, 2194,
312, 1579,
42, 350, 1775, 2056,
588, 1614,
131, 220,
790, 1161, 2091,
200, 838,
536, 539, 1161,
551, 1989,
551, 1997,
1015, 1131, 1639,
12, 551, 986, 1955, 2065,
312, 1579, 2183,
140, 262, 312,
441, 826,
49, 1198, 1453,
200, 789, 2194,
220, 357, 579,
198, 551, 2077,
773, 1946, 2166,
1213, 1413,
551, 2114,
1985, 2207,
790, 1985,
312, 1078,
312, 1161,
312, 551, 807,
1555, 2179,
220, 420, 786, 2236,
12, 431, 790, 815,
551, 1073,
354, 1263, 1826,
103, 172, 1579,
1455, 2053,
173, 1988,
1916, 2066, 2067,
42, 359,
359, 1263,
555, 1263,
1263, 2114,
580, 1945,
1263, 2012, 2067, 2079,
200, 431,
583, 1263,
42, 843, 1775,
187, 274,
452, 1879,
312, 1853,
274, 429,
340, 2194,
452, 539,
619, 793,
312, 452,
951, 1066,
790, 2194,
390, 1158, 1335,
268, 1198, 2037,
385, 1709,
926, 1709, 2194,
93, 200,
1182, 1413, 1826,
1157, 2114,
97, 350, 2048,
312, 2012,
543, 843, 2223,
766, 2194,
12, 1165, 1545,
12, 312,
645, 1308, 1458, 2215,
25, 1336, 1597,
724, 837, 2180,
12, 1857,
12, 312, 1466,
1388, 1547,
772, 793,
1421, 1700, 1862,
996, 2226,
815, 1362,
159, 2067,
412, 843, 1826, 2067,
