1, 2, 3, 4,
1, 2, 5, 6,
7, 8, 9,
3, 4,
11, 12,
14, 15,
2, 15,
18, 19, 20, 21,
3, 15,
12, 20, 23, 24,
2, 25, 51, 58,
12, 24, 54, 65, 77,
2, 29,
3, 4, 9,
2, 3, 14, 32, 33,
19, 20,
2, 5,
2, 8,
29, 33,
4, 14, 29,
3, 40,
7, 29, 42,
3, 6, 14,
3, 23,
2, 14, 44,
3, 44,
3, 14,
3, 11,
3, 15, 20, 32,
2, 3,
3, 42,
2, 14, 52,
3, 9,
8, 9,
2, 15, 55,
3, 9, 14,
29, 44,
15, 29,
15, 52, 59,
3, 14, 29,
24, 65, 77,
3, 29,
3, 24, 55,
3, 14,
14, 15, 29,
29, 33,
25, 29, 51, 58, 77,
3, 71,
25, 63, 77,
3, 20,
77, 78,
2, 77, 78,
14, 77, 78,
9, 25, 29, 51,
3, 59,
8, 77,
29, 82,
3, 14,
68, 81,
18, 21,
33, 51, 77,
3, 8, 55,
42, 61,
3, 4, 77,
29, 77,
3, 20, 29, 77,
3, 9, 77,
14, 40,
3, 9, 14, 27,
29, 51, 86,
3, 23,
14, 42, 77,
14, 86,
29, 35, 82,
4, 8, 29,
8, 77,
8, 9,
8, 55, 86,
3, 29, 39,
3, 14,
3, 29, 45,
46, 86,
3, 47,
29, 49, 82,
14, 33,
2, 14, 53,
4, 8, 40,
14, 20,
3, 14,
3, 21, 33,
3, 33,
8, 14, 40, 44, 58,
25, 33,
3, 4, 14,
2, 8,
2, 3, 7, 40,
3, 9, 46,
1, 4, 8, 14, 23,
2, 21, 23, 29,
3, 14, 21, 29,
3, 14, 29, 46,
14, 39,
3, 29, 35,
3, 9, 29,
14, 19, 68, 69,
3, 29,
14, 49, 58,
42, 44,
8, 12,
29, 75,
2, 9, 14, 29, 40, 79,
3, 4, 80,
3, 23, 81,
3, 15, 83,
3, 29,
3, 33,
3, 4, 29,
10, 29, 77,
14, 29, 61,
17, 22,
8, 17,
21, 25, 38,
2, 29,
18, 34, 36,
25, 29, 61,
41, 47,
2, 25, 63,
3, 10, 86,
12, 75, 81,
81, 86,
20, 23, 71, 81,
68, 81, 86,
29, 42, 51,
14, 29, 42,
56, 81,
20, 81, 86,
20, 69, 81,
8, 20,
3, 5,
15, 20, 81,
15, 75, 81,
3, 14, 81,
12, 15, 81,
8, 29, 81,
8, 20, 29, 51,
15, 20, 23, 81,
8, 15, 33, 81,
14, 34, 51, 82,
12, 20, 81,
3, 20, 81,
8, 12, 81,
20, 29, 62, 82,
3, 29, 63,
29, 86,
3, 5, 9, 62,
9, 51, 80,
14, 29, 51, 70,
3, 29, 51,
33, 51, 80,
3, 14,
3, 79, 86,
3, 8, 81,
15, 29, 51,
3, 14, 63,
68, 81,
33, 77,
3, 9, 29,
15, 20, 36,
3, 15, 81,
20, 44, 61, 84,
42, 51,
15, 77,
14, 25, 44,
25, 29, 63,
8, 31,
29, 51, 84,
20, 51,
14, 39,
20, 58,
2, 8, 51,
2, 20,
9, 14,
8, 15, 29, 51,
2, 8, 51,
9, 14,
51, 57, 82,
27, 29, 33, 56,
25, 44,
20, 68, 81,
25, 38, 58,
1, 31,
14, 42, 77,
14, 77,
9, 13, 14, 25,
16, 42, 61,
25, 61,
15, 28, 61, 86,
2, 25, 37,
2, 25,
8, 25, 48, 73,
28, 60,
14, 25, 61,
2, 29, 42, 48,
28, 66,
25, 28, 72,
14, 25,
4, 25, 28,
25, 61,
2, 22,
14, 28, 30,
14, 42,
28, 42, 66,
8, 29,
25, 28, 29,
2, 16, 25, 44, 82,
2, 28, 42,
2, 14, 29, 64,
28, 33,
2, 25, 74, 77,
14, 28, 29,
2, 28, 42,
20, 77,
14, 29, 74,
28, 77,
8, 14, 74,
19, 25, 48,
14, 48,
51, 86,
42, 43,
2, 14,
8, 9, 29,
29, 48,
25, 29, 33, 60,
20, 29, 31,
14, 29, 51, 86,
14, 29, 61,
25, 42, 63,
4, 8, 29,
9, 25, 33, 61,
8, 15,
4, 29, 43,
25, 70,
2, 67, 76,
1, 25, 42, 72,
25, 67,
9, 29, 64,
14, 42,
25, 33, 53,
28, 64,
7, 9, 42,
8, 15, 25, 28,
51, 58,
31, 42,
15, 50, 86,
25, 30, 42,
54, 77,
42, 79,
29, 86,
19, 54,
20, 27, 31, 42,
31, 50, 58,
25, 33, 50,
25, 51, 86,
9, 38, 51,
25, 42,
21, 29, 86,
25, 61,
15, 19, 25, 71,
15, 20,
5, 42, 59,
28, 42,
2, 28, 29, 37, 64,
25, 33, 58,
20, 47, 85,
20, 25,
2, 9, 13,
41, 85,
25, 77,
2, 29, 87,
19, 25,
29, 31,
25, 63,
20, 29,
2, 61,
7, 25, 29,
14, 59,
15, 61,
2, 8,
25, 29, 51,
29, 45, 86,
29, 33, 51, 82,
9, 25,
51, 58,
23, 25,
2, 25, 54, 76,
9, 31,
25, 28, 29, 42, 79,
14, 25, 83,
2, 29,
9, 25, 51,
2, 51,
4, 86,
25, 26, 31, 77,
2, 26, 54,
29, 57,
19, 23, 87,
31, 58,
25, 28, 42, 51,
