20, 101,
8, 143,
6, 7, 8,
96, 133,
13, 14, 15,
16, 17,
18, 19, 20,
11, 22,
11, 24, 25,
11, 26,
11, 28, 29,
30, 31, 32,
31, 33,
20, 28, 35,
36, 37, 38,
26, 39,
41, 42,
133, 230,
143, 388, 407,
49, 50, 51,
26, 52,
503, 567,
7, 57, 58,
35, 59,
35, 81,
28, 61, 64,
133, 203,
67, 68,
121, 125, 133,
8, 73, 74, 75,
77, 78, 79,
77, 81,
14, 35, 83,
14, 24, 39, 84,
8, 39, 86,
88, 89,
128, 143, 518,
25, 50, 92,
50, 93, 94,
95, 96,
98, 99,
96, 101,
103, 105,
8, 106, 107,
7, 108,
20, 50,
89, 96, 101,
198, 348, 364,
107, 113, 114,
39, 84, 115,
150, 360,
98, 119, 120, 121, 122,
28, 123,
24, 125,
20, 24, 126,
20, 35,
101, 128, 129,
20, 26,
132, 133,
81, 576,
133, 135, 136,
81, 121,
139, 140, 141,
133, 150,
113, 198,
20, 133,
20, 26, 125, 144,
20, 22,
262, 356,
8, 26, 149,
11, 101, 151, 152,
28, 50,
20, 74, 154, 155,
15, 35, 156, 157, 158,
8, 26, 133,
35, 101, 160,
11, 26, 29, 162,
20, 26,
11, 139, 164,
20, 26, 49,
14, 81,
198, 503,
26, 28,
11, 26,
29, 35, 139,
19, 39,
11, 28, 115,
77, 133, 152,
216, 503,
26, 174, 175,
143, 457,
24, 28,
133, 181, 182,
183, 184,
35, 101, 160,
20, 26, 188,
78, 190,
8, 26,
8, 35, 192,
11, 193,
11, 77, 195,
28, 39, 197,
35, 103,
92, 133, 199,
11, 64, 201,
11, 202, 203,
204, 205,
20, 101,
24, 26, 101, 103,
11, 26, 209,
139, 210,
36, 133,
7, 11,
11, 139, 182,
51, 400, 487,
20, 216,
133, 188, 210,
26, 133, 218,
8, 28, 101, 190, 219,
26, 31, 183, 220,
26, 221,
8, 26, 181,
35, 88,
8, 42, 121,
133, 226,
101, 221,
11, 19, 29,
39, 84,
36, 156, 229,
360, 391, 418,
39, 139,
24, 77,
11, 26, 234,
11, 28,
24, 101, 236,
81, 143,
35, 139,
37, 240,
143, 198,
11, 28, 136,
81, 360,
26, 199, 245,
84, 160, 246,
121, 141, 193,
8, 149, 234,
247, 248,
290, 310, 391,
28, 101,
86, 96, 254,
113, 121, 355,
145, 239,
27, 549,
20, 120,
77, 132, 254,
30, 38,
99, 262,
39, 77, 264,
35, 266,
549, 568,
103, 132, 218, 271,
174, 272,
18, 86, 274,
26, 133, 160,
8, 26, 181,
92, 277,
88, 102, 143,
79, 133, 531,
103, 130, 198,
311, 339,
56, 84,
14, 56,
50, 236, 289,
20, 290, 291, 292,
15, 133,
172, 216,
96, 174,
39, 158, 160, 297,
8, 106,
35, 299, 300,
35, 55, 258,
14, 174, 304, 305,
35, 151, 246,
50, 174,
96, 108, 308, 309,
174, 264, 277,
8, 64, 74,
133, 216, 535,
8, 26,
160, 216,
151, 216,
24, 35,
26, 135, 316,
14, 88, 317,
8, 121,
50, 77,
121, 156,
25, 133, 321,
324, 464,
8, 133,
81, 216, 348,
26, 121,
120, 290, 328,
35, 84, 122,
35, 128, 486,
8, 174,
184, 216, 305,
25, 93, 133,
77, 160,
19, 120, 334,
96, 174, 229,
50, 335,
96, 128,
409, 478,
26, 86,
26, 184, 192,
231, 238, 437,
50, 335, 343,
95, 505, 564,
26, 271, 338,
8, 220, 347,
14, 50, 75,
133, 216, 291,
18, 132,
96, 113,
39, 58,
20, 290,
26, 133,
143, 579,
226, 304, 305,
39, 120, 354,
98, 121,
64, 133, 164,
28, 317,
357, 358,
35, 360, 361,
300, 362,
186, 550,
366, 367,
230, 239,
143, 193, 348,
119, 133, 375,
357, 376, 377,
82, 145, 306,
125, 360,
96, 509,
184, 388,
64, 145, 372,
41, 52,
8, 184,
87, 143,
101, 388, 396,
164, 388, 397,
81, 399,
121, 174,
20, 239, 307, 552,
133, 403,
39, 133,
281, 514,
101, 174,
408, 409,
24, 388,
77, 413,
81, 133,
101, 262,
126, 133,
56, 74, 408,
74, 133,
114, 133, 184, 388,
50, 420,
133, 423,
77, 88, 424,
133, 182, 425,
81, 343, 426, 427,
428, 429,
388, 431,
39, 101,
28, 182, 434, 435,
262, 436,
11, 438, 439,
143, 496, 503,
443, 444,
103, 446,
26, 448,
11, 450,
11, 35,
186, 248,
11, 133, 454,
81, 88,
24, 202, 457,
26, 367,
459, 460,
24, 181, 462,
212, 549,
77, 81,
88, 101,
20, 50, 77,
133, 408,
8, 397, 472,
193, 469,
26, 133, 181,
99, 156,
11, 290,
11, 41, 290,
8, 219,
26, 74, 203,
11, 81,
11, 103,
28, 121,
324, 406,
56, 133,
139, 202,
488, 490,
358, 375, 491,
133, 403, 492,
77, 96,
123, 469,
50, 103,
408, 428,
81, 174,
240, 472,
11, 77, 448,
11, 133,
11, 101,
20, 88, 454,
39, 41,
199, 503,
491, 492,
56, 506, 507,
74, 174,
50, 96,
143, 216, 239,
77, 428,
56, 347, 514,
35, 446, 515,
11, 240,
28, 35, 517,
133, 385,
11, 24,
11, 20,
324, 580,
74, 133,
8, 88, 523,
133, 347,
143, 503,
77, 162, 527,
11, 101,
8, 431,
70, 360,
11, 154,
446, 515, 532,
11, 133, 209,
50, 226, 424,
143, 276,
143, 216, 355,
8, 219,
154, 403,
385, 503,
181, 539,
26, 248, 541,
133, 503,
204, 264,
143, 161,
70, 77, 212, 216,
81, 88, 523,
20, 101, 548,
24, 142,
24, 35,
420, 550,
35, 431,
507, 552,
11, 74, 375,
128, 358,
133, 403,
39, 550,
101, 174, 424,
11, 20,
274, 557, 558,
11, 35, 559,
101, 300, 560,
11, 154, 174, 561,
35, 469,
24, 57, 460,
565, 566,
39, 568,
360, 391, 469,
11, 28,
40, 270,
14, 195,
24, 101,
133, 311,
81, 103, 121,
77, 133,
104, 216, 335,
216, 463,
24, 121, 511,
81, 119, 143,
28, 83, 84,
119, 281,
164, 367,
11, 95,
77, 420,
35, 145, 581,
77, 133, 454,
8, 23, 182,
133, 181, 182,
11, 103,
156, 503,
1, 11, 24,
11, 181, 492,
7, 11,
275, 469,
8, 20,
46, 103,
218, 582,
133, 281, 440,
28, 54,
24, 28, 60, 300,
20, 39,
101, 133, 514,
121, 300,
11, 69, 103,
339, 370,
28, 101,
54, 80,
96, 360, 538,
11, 95, 97,
11, 26,
292, 375, 488,
11, 162,
26, 39, 46,
11, 35, 572,
28, 39,
28, 202,
11, 24,
35, 37, 46,
20, 195, 240,
24, 28,
28, 160,
133, 155, 532,
28, 375,
35, 117, 245,
19, 77, 312,
11, 127, 328,
101, 184,
77, 121, 202,
37, 131,
35, 77, 517,
96, 137, 138,
26, 174, 462,
35, 99,
11, 28,
239, 561,
181, 506,
11, 28, 138,
11, 60, 101,
11, 28,
11, 29, 74,
11, 29, 95,
143, 294,
35, 527, 541,
290, 300,
35, 133,
28, 163,
28, 35, 245,
11, 133,
28, 77, 167,
28, 113, 234,
24, 28,
8, 11,
181, 300,
11, 156,
81, 143,
420, 558,
28, 425,
202, 552, 582,
11, 28,
8, 26,
133, 300,
360, 391, 497,
26, 54,
11, 101,
81, 289,
19, 34, 473,
384, 449,
64, 101, 145,
143, 239,
213, 214, 215, 362,
145, 360, 382,
227, 228,
35, 230, 231, 232,
235, 409,
121, 238,
101, 121, 241,
96, 224,
145, 469,
95, 220, 253, 255, 450,
281, 318,
32, 35, 77,
81, 121,
20, 408,
92, 261,
79, 143, 370,
101, 213,
20, 133,
403, 546,
9, 82,
184, 261, 278, 388,
57, 148,
257, 550,
77, 397, 450,
96, 311,
143, 503, 548,
87, 143,
81, 231, 286,
74, 431,
174, 231,
35, 81, 293,
103, 408,
213, 450,
127, 133, 450,
20, 197, 232, 424,
255, 278, 296,
35, 128,
24, 35,
101, 133,
101, 303,
8, 35,
213, 408,
133, 397, 450,
35, 133,
35, 232, 312,
181, 202, 313,
35, 38,
143, 145, 239,
174, 253, 397,
81, 388,
35, 320, 322,
8, 61, 323,
35, 39,
133, 347,
77, 300, 326,
121, 408,
239, 495,
213, 241,
81, 266, 333,
143, 239,
313, 340,
20, 322, 341, 503,
35, 342,
14, 213, 397,
81, 96,
96, 514,
81, 143,
39, 74,
8, 101,
356, 388,
133, 363,
77, 121,
213, 388,
239, 318,
113, 403,
373, 552,
195, 216,
77, 218, 558,
8, 320,
143, 145,
344, 360,
35, 83, 450,
28, 81,
24, 269, 479,
143, 530,
8, 232,
232, 395,
377, 398,
232, 255, 401,
18, 133, 402,
121, 404, 405,
143, 216,
133, 506,
36, 227,
181, 182, 227,
181, 184,
347, 359,
101, 181,
35, 402, 408,
26, 35, 503,
408, 417,
82, 105, 239,
198, 239,
101, 388,
103, 213,
133, 228, 362,
77, 232,
443, 539,
133, 404,
101, 158, 445,
121, 228,
128, 228,
59, 404,
81, 404, 452,
35, 453,
151, 458,
95, 232,
35, 388,
8, 25,
240, 466, 503,
23, 114, 467,
35, 133, 395,
198, 416,
95, 121, 445,
445, 471,
81, 232, 395,
133, 405, 474,
184, 213,
81, 399, 471,
255, 388, 404,
143, 311, 461,
121, 478,
77, 404,
264, 482,
96, 483, 484,
133, 459,
101, 566,
226, 503,
26, 88,
8, 212,
232, 395, 550,
347, 397, 408,
35, 495,
101, 498,
143, 256, 311,
96, 193,
24, 502,
46, 88, 99, 502,
77, 117, 297,
358, 431,
93, 219, 354,
265, 283,
81, 391,
516, 519,
174, 220, 503,
35, 520, 521,
20, 81,
202, 403, 520,
20, 503, 525,
39, 527,
388, 528,
95, 467,
88, 354,
57, 391,
133, 533, 534,
39, 503, 535,
388, 536,
95, 154, 474,
101, 121,
16, 388,
35, 81,
68, 544, 545,
77, 474,
35, 95, 408,
101, 158,
38, 125, 143,
143, 262, 391,
26, 175,
101, 528,
121, 182,
405, 533,
450, 533,
24, 343, 360,
121, 133,
77, 300, 570,
121, 388,
453, 574,
33, 69, 101,
95, 232,
101, 450, 577,
20, 232,
101, 244, 410,
64, 81, 231,
81, 101,
121, 140, 202, 458, 583,
77, 564,
81, 536,
303, 506,
77, 143,
21, 99,
143, 403,
44, 101,
57, 143, 549,
101, 396,
53, 61, 81,
101, 458,
232, 286, 322,
101, 483, 536,
101, 506,
61, 483,
34, 133,
35, 81,
232, 373, 397,
101, 347, 395,
71, 458, 474,
101, 459,
397, 483, 512,
143, 389,
101, 404, 557,
81, 133,
109, 133,
35, 93,
77, 401,
125, 133, 354,
95, 362,
121, 239,
360, 561,
35, 159,
121, 478, 479,
8, 20, 77, 133, 168,
39, 561,
8, 466,
26, 431,
35, 172, 307,
77, 178,
180, 404, 484,
172, 262,
81, 471,
8, 103, 566,
81, 191, 194,
77, 566,
215, 471,
198, 239,
68, 545,
143, 497,
77, 96, 506,
95, 101,
88, 101, 217, 471,
35, 222, 223,
113, 319, 479,
81, 233,
81, 574,
119, 160,
77, 103, 498,
103, 240,
14, 103,
77, 103,
16, 81, 396,
128, 323, 426,
77, 471,
38, 403, 482,
36, 156, 259,
260, 471,
240, 438, 561,
81, 125, 143,
20, 101,
35, 81, 96, 505,
274, 404, 525,
81, 95, 273,
77, 151, 276,
96, 280,
121, 280,
151, 285, 557,
289, 471,
7, 24, 38, 215,
180, 250,
294, 503,
16, 20, 342,
16, 285, 471,
99, 103, 301,
302, 471,
137, 471,
16, 217, 307,
8, 25, 458,
151, 310,
77, 101,
8, 471,
324, 327,
174, 335,
88, 294, 331,
121, 294, 431,
133, 215, 503,
81, 404,
16, 337,
35, 101,
81, 289,
133, 260, 274,
296, 453,
14, 38,
239, 514,
8, 16, 163, 453,
113, 151,
143, 168, 391,
81, 160,
133, 240,
81, 310, 503,
101, 471,
184, 431,
81, 369, 370,
479, 503,
16, 378, 379,
174, 264,
88, 280, 381,
160, 381, 383,
103, 281,
384, 458,
103, 387, 439,
88, 381, 503,
113, 503,
133, 391,
27, 96, 143,
42, 76, 145,
281, 443,
61, 264,
20, 35,
38, 208, 285, 412,
103, 121, 228,
415, 416,
216, 412,
16, 184, 232, 281,
403, 419, 420,
8, 96, 483,
88, 205,
81, 430,
193, 506, 538,
101, 121,
16, 25, 384,
24, 121, 441,
51, 161, 307,
35, 151, 232,
20, 133,
233, 448, 503,
16, 26, 160,
358, 412, 550,
160, 469,
119, 195,
321, 465,
121, 425, 469,
103, 384,
151, 550,
20, 474,
38, 160, 194, 475,
133, 145,
232, 448, 477,
81, 143,
119, 145,
94, 281, 404,
160, 404,
133, 404,
20, 195,
26, 228,
35, 232,
8, 14, 190,
133, 143,
86, 412,
68, 128, 496,
35, 101, 477,
101, 160,
81, 217,
281, 326, 483,
24, 35,
160, 477,
195, 412,
81, 145,
20, 195,
155, 232,
145, 216,
344, 503,
81, 119,
68, 412,
8, 25, 326,
301, 526, 529,
160, 180, 218, 530,
191, 531,
24, 88, 285,
77, 154, 340,
39, 133, 160,
143, 239,
250, 542, 543,
133, 531,
133, 471, 531,
88, 531,
35, 154, 160,
95, 303, 308,
81, 370,
39, 101, 554, 555,
36, 121,
133, 526,
77, 563,
133, 191,
35, 77, 555,
143, 503,
191, 215, 571,
81, 471, 573,
341, 404,
101, 404,
8, 333, 573,
205, 571,
81, 103,
78, 255, 581,
35, 191,
3, 95, 347,
37, 95,
143, 391,
61, 133, 285,
191, 250, 543,
12, 81, 289,
86, 503,
8, 347, 370,
133, 471, 525,
337, 510,
45, 47, 121,
119, 239, 276,
19, 66, 235,
128, 352,
91, 100,
42, 143,
111, 133,
61, 216, 361,
81, 281,
79, 81, 124,
134, 273,
143, 147,
39, 154, 293,
91, 240,
57, 81,
143, 239,
110, 153, 161,
113, 165, 166,
61, 170, 281,
145, 162,
143, 485,
91, 96, 176,
95, 143, 177,
179, 205, 431,
191, 281,
185, 281,
216, 468,
14, 72,
7, 354,
248, 531,
66, 206,
99, 143,
119, 232,
57, 81,
58, 442,
81, 166, 243,
101, 249, 252,
469, 571,
258, 263,
61, 216, 307,
170, 258, 563,
96, 258, 282,
34, 224,
176, 249, 287,
37, 57,
37, 57, 519,
121, 403, 554,
83, 232,
93, 169, 256, 382,
274, 550,
184, 315,
61, 170,
133, 403,
348, 360,
88, 332, 363,
66, 281,
101, 143, 466,
39, 206,
143, 360,
35, 184, 571,
143, 243,
143, 263,
143, 185, 362,
206, 335,
35, 566,
53, 417, 554,
38, 435,
81, 563,
81, 103, 563,
19, 232, 444,
99, 195,
24, 81, 371,
431, 529,
113, 134, 281,
121, 133,
143, 344,
276, 469,
133, 281, 431,
71, 81, 347,
119, 393,
21, 77, 88,
86, 133, 393,
196, 329, 563,
101, 154,
133, 191,
101, 240, 422, 542,
307, 432, 469,
77, 433,
113, 440,
193, 216,
383, 413, 552,
96, 391, 556,
121, 462,
240, 469,
12, 433, 554,
384, 456, 506,
93, 391,
57, 121, 331,
143, 191,
76, 263, 497,
232, 473, 483,
476, 483,
111, 121,
57, 111,
96, 119, 539,
57, 103, 394,
44, 258,
113, 296,
111, 232,
77, 388,
37, 294, 493,
77, 100,
14, 263, 307,
493, 499, 506,
81, 232, 315,
111, 143, 501,
77, 81, 88, 403,
81, 166, 441,
121, 347,
81, 93, 110,
81, 510,
3, 20,
81, 88, 522,
101, 109,
77, 360, 455,
95, 143,
195, 539,
77, 109, 548,
80, 232, 441,
14, 77, 81,
20, 202,
101, 432,
77, 153, 307, 563,
179, 344, 559,
433, 562,
78, 81, 433,
358, 415,
143, 360,
113, 133, 465,
36, 441, 462,
71, 369, 576,
101, 578,
240, 438,
2, 24, 441,
185, 401,
258, 563,
14, 101,
101, 433, 563,
57, 101, 184,
214, 560,
48, 61, 384,
203, 247, 429,
14, 143,
12, 101, 128,
63, 294, 441,
131, 214,
133, 202, 265,
2, 101, 563,
36, 121,
81, 143, 456,
195, 501,
36, 431,
232, 316,
391, 429,
88, 93, 440,
35, 101,
146, 195,
35, 195, 207,
101, 171,
39, 99, 332,
101, 143,
101, 232,
97, 549,
81, 133, 191, 434,
81, 101,
81, 101,
28, 61, 81,
143, 285, 360,
35, 77,
101, 133, 281,
101, 566,
96, 505, 568,
216, 360,
47, 542,
8, 101, 167,
25, 96, 133,
101, 416,
294, 441,
77, 133,
77, 81, 187, 195,
91, 298, 503,
143, 195,
121, 314,
143, 542,
8, 124, 133,
101, 482, 499,
19, 20, 178, 441,
101, 231,
191, 563,
101, 121,
57, 95, 101, 195,
91, 440, 503,
281, 506,
503, 571,
199, 574,
24, 441,
36, 81,
143, 231,
216, 351, 388,
35, 113,
14, 133, 422,
35, 360, 441,
19, 433,
35, 232,
101, 160,
24, 441,
101, 281, 562,
28, 88, 583,
389, 509,
35, 293, 469,
199, 298,
160, 502,
34, 95,
200, 216,
101, 393,
99, 281, 513,
147, 414, 418,
191, 294,
244, 249,
88, 307,
133, 475,
42, 121,
77, 396, 403,
155, 216,
67, 360, 470,
95, 101, 125, 294, 335, 506,
71, 191, 498,
82, 503, 508,
143, 389,
264, 414,
47, 506,
77, 191, 447, 554,
134, 284, 571,
35, 121,
99, 101, 393,
81, 160,
13, 81, 294,
81, 101, 393,
81, 240, 456,
130, 427,
19, 347,
218, 554,
113, 403, 524,
63, 139, 563,
81, 101, 174, 299,
81, 145, 195,
95, 393,
289, 419,
77, 143,
77, 81,
90, 93,
160, 534, 567,
393, 403,
133, 299, 531,
160, 414,
156, 583,
4, 39, 77, 563,
393, 506,
35, 47, 262,
95, 101, 122,
76, 145,
113, 403,
191, 393,
62, 101,
113, 503,
81, 95, 218,
77, 81,
35, 103,
113, 404,
112, 262,
101, 119,
81, 393,
121, 393,
215, 240,
133, 215, 369,
8, 139, 281,
113, 171,
35, 389,
127, 284,
360, 382,
81, 441,
211, 212,
216, 239,
143, 265, 300,
35, 96, 143,
35, 143, 268,
62, 143,
113, 143,
119, 128,
143, 530,
81, 143, 214, 306,
101, 265,
307, 311,
81, 583,
143, 216,
143, 211,
88, 93, 216, 220, 552,
143, 212,
73, 238,
143, 311, 339,
239, 300,
239, 268, 441,
143, 346, 549,
95, 258, 348,
225, 235,
216, 265, 284,
113, 193,
101, 143, 239,
307, 360,
226, 441,
101, 265, 431, 503,
35, 365, 503,
239, 300, 368,
101, 289, 368, 403,
162, 238,
95, 129, 143,
133, 265, 403,
38, 119, 485,
324, 392,
119, 401,
81, 281, 441,
19, 251, 310,
38, 121, 330,
96, 121,
327, 398, 451, 459,
67, 231, 281, 353,
90, 272,
222, 469,
5, 198, 469,
35, 316, 489,
143, 327,
376, 451,
196, 329, 391,
143, 262,
143, 145,
143, 503,
284, 346, 469,
95, 145, 169, 549,
35, 281, 540,
143, 176, 485,
133, 553,
143, 198, 307,
88, 181, 344, 490, 569,
100, 575,
96, 549,
113, 252, 441,
24, 66,
241, 544,
143, 239, 281,
27, 143,
96, 281,
43, 55, 549,
113, 134, 386,
239, 307,
143, 391,
35, 360, 469, 513,
184, 441,
57, 104, 549,
77, 237,
57, 143,
133, 566,
239, 289,
143, 347,
77, 162, 471,
143, 294, 441,
360, 556,
62, 189, 195,
77, 549,
207, 281,
242, 307,
216, 281,
66, 81,
77, 360,
96, 549,
88, 288, 307, 346, 554,
295, 441,
143, 249, 285,
250, 284,
19, 35, 325,
85, 145,
143, 373,
281, 549,
6, 562,
66, 281, 353,
355, 441, 469,
143, 359,
225, 391, 556,
32, 143, 284,
281, 284,
35, 93,
239, 469,
35, 104, 281,
281, 421,
81, 143,
43, 143,
35, 461,
35, 489,
369, 583,
43, 133,
35, 143,
353, 441,
121, 216,
128, 142,
8, 116, 143,
284, 441,
360, 469,
116, 239, 469,
143, 231, 281,
281, 310,
133, 505, 549,
216, 239,
216, 238, 518,
239, 365, 537,
109, 384,
281, 549, 562,
450, 549,
281, 344, 547, 571,
128, 281,
81, 143,
81, 262,
81, 281,
101, 281, 295,
101, 249, 289, 353,
9, 81,
359, 578,
189, 421,
143, 344,
48, 224, 503,
203, 384,
81, 239,
101, 537, 549,
101, 121, 452,
101, 162,
143, 449,
143, 281,
77, 84, 281, 325, 453, 524,
77, 81,
81, 88,
57, 360,
58, 153, 421,
43, 281, 353,
35, 224, 505,
143, 184,
193, 239,
81, 269, 441,
239, 242, 281,
133, 216, 553,
116, 307,
35, 347, 348,
113, 143, 441, 549,
20, 216, 319,
185, 510,
281, 503,
224, 441, 481,
101, 128,
174, 281,
101, 287, 298,
350, 352,
380, 390,
121, 239, 330,
143, 307, 347, 374,
81, 561,
81, 88, 143, 281, 561,
35, 550,
442, 577,
374, 384, 463,
77, 143, 258,
77, 143, 207,
280, 563,
384, 521,
101, 561,
57, 284, 371,
284, 388,
14, 81,
77, 113, 388,
121, 143,
81, 220,
88, 494,
81, 160,
81, 121, 220, 258,
96, 143, 504,
133, 143,
81, 554,
81, 521,
240, 549,
96, 262,
19, 281, 540,
17, 81, 388,
143, 289, 431,
360, 549,
36, 143, 161, 563,
86, 202,
243, 288,
469, 542,
121, 469,
118, 161, 388,
14, 81,
81, 161, 441,
81, 101,
109, 494,
173, 240,
77, 455,
35, 563,
42, 360, 391,
133, 143,
216, 344,
295, 504, 562,
281, 549,
88, 143, 281, 336,
143, 415,
191, 295, 547,
35, 281,
101, 279, 281,
162, 173, 206,
93, 440, 563,
88, 159,
144, 577,
95, 101, 281,
64, 81, 388,
35, 77,
128, 388,
81, 121, 511, 562,
96, 101,
81, 88,
81, 441, 549,
101, 121, 384,
113, 177, 284,
133, 437,
81, 431,
202, 281,
206, 288,
193, 307,
81, 93,
161, 262, 418,
81, 143,
128, 143,
281, 403, 476,
93, 206,
81, 143,
143, 184, 351,
101, 128,
118, 549,
143, 503, 521,
4, 81, 549,
6, 35, 95,
24, 128, 374,
93, 279, 384,
88, 218, 241,
38, 143,
99, 551,
239, 263,
24, 143,
10, 40,
121, 239, 346,
34, 360,
349, 360,
81, 214, 392,
186, 235,
96, 239,
96, 198,
96, 231,
143, 360,
199, 551,
240, 391,
57, 143, 360,
96, 372,
79, 103,
103, 133,
35, 143, 407,
77, 342,
449, 464, 560,
143, 390, 468,
42, 372, 391,
96, 469, 480,
431, 468,
143, 435,
143, 450,
469, 500,
10, 250,
1, 128, 143,
42, 145, 160,
372, 469,
3, 121, 378,
162, 508,
42, 239, 360,
65, 212,
121, 143, 410,
123, 143,
143, 348,
239, 500,
262, 391,
81, 128,
133, 549,
81, 255,
143, 267,
77, 216,
93, 143,
43, 345, 349,
133, 153, 425,
77, 143,
58, 143, 240,
133, 345, 400,
143, 198,
81, 214,
85, 95,
39, 143,
51, 81, 486,
35, 487,
35, 96,
81, 143,
81, 128, 143, 403, 570,
239, 360, 579,
324, 392, 580,
146, 360, 436,
81, 143,
143, 148,
143, 162, 216,
113, 198, 251, 360,
143, 503,
269, 360,
360, 469,
360, 568,
143, 360,
198, 388,
360, 389, 561,
134, 386,
77, 143,
143, 336, 360,
48, 57,
360, 420,
237, 360,
57, 143, 345, 360, 479,
143, 307,
99, 239,
119, 143, 223,
14, 85, 391,
250, 575,
143, 436,
81, 239, 262,
121, 143,
143, 435,
9, 300,
133, 212,
8, 77,
143, 145,
128, 224, 360,
20, 81, 300,
81, 469,
103, 435,
143, 165, 364,
345, 411,
35, 81,
116, 239, 307,
81, 391, 497,
38, 187, 193,
19, 198,
57, 469,
143, 345, 400,
145, 275, 321,
8, 81, 469,
8, 81,
38, 81, 267,
81, 96, 143,
81, 360,
96, 143,
295, 382, 469,
77, 360,
133, 360,
81, 291, 423,
96, 345,
38, 215,
88, 549,
103, 360,
35, 193,
35, 143,
113, 360,
35, 77, 134, 360,
8, 143,
77, 143,
8, 113,
113, 469,
143, 360,
14, 508,
143, 314,
57, 143,
143, 239, 391,
148, 214, 406,
389, 470,
267, 360,
143, 360,
81, 88, 411,
360, 549,
21, 241, 286,
119, 143,
102, 345,
81, 103,
81, 250,
81, 360, 391,
143, 360,
81, 524,
202, 302, 360,
128, 143,
216, 391,
35, 81, 569,
81, 103, 282,
360, 415,
