6, 85,
5, 6,
40, 73,
72, 114,
4, 40, 85,
19, 20,
65, 123,
19, 24,
21, 62, 109, 125,
13, 40,
10, 32, 40,
34, 35, 36,
38, 39, 40,
38, 44,
125, 133,
10, 31,
11, 40, 113,
10, 40,
125, 126,
10, 40, 71,
10, 64,
103, 109,
40, 63, 72,
2, 40,
49, 72,
72, 74,
64, 109,
72, 74,
28, 40, 128,
40, 82,
90, 97,
35, 40,
40, 86,
13, 71, 72,
6, 10,
72, 93,
66, 99,
10, 40,
5, 10, 101,
40, 82,
10, 72,
10, 40, 93,
17, 40,
13, 64, 109,
10, 17, 105,
100, 129,
10, 129,
10, 125,
10, 100,
10, 40,
35, 40, 127,
33, 52,
72, 129,
35, 127, 131,
27, 120,
40, 135,
40, 129,
135, 138,
1, 3,
7, 8, 40,
40, 93,
12, 40,
40, 121,
14, 16,
17, 40,
10, 46,
40, 72,
25, 26,
10, 40,
40, 129,
10, 53,
17, 40, 42,
67, 72,
10, 40, 48,
51, 52,
10, 132,
40, 58,
10, 40,
18, 90,
18, 22,
68, 69,
75, 77,
52, 78,
10, 106,
40, 83,
10, 83,
68, 87, 89,
67, 87,
26, 87,
40, 92,
1, 78,
8, 10, 100,
10, 118,
10, 100,
7, 72,
103, 104,
26, 138,
48, 87,
6, 12,
67, 72,
83, 110,
40, 97, 121,
10, 40,
10, 30, 137,
40, 137,
16, 122,
10, 15, 93,
91, 137,
15, 40,
75, 125,
3, 40,
42, 72,
73, 98,
26, 40,
56, 133,
26, 131,
91, 137,
23, 27,
40, 95,
40, 107,
59, 119,
10, 31,
40, 57, 89,
61, 87,
10, 64,
24, 34,
40, 125,
35, 79,
81, 84,
10, 94, 129,
40, 103, 104,
102, 125,
55, 82,
10, 25,
32, 40,
10, 129,
40, 129,
40, 104,
51, 115, 116,
87, 117,
40, 56,
10, 40,
10, 17, 124,
10, 62,
20, 128, 129,
10, 120,
2, 134,
54, 82, 109,
40, 116,
10, 101, 109,
10, 35,
10, 79,
40, 129,
61, 87,
40, 58,
41, 94,
35, 40, 41,
10, 52,
10, 72,
10, 52,
70, 72, 128,
54, 60,
40, 76,
39, 129,
40, 76, 87,
50, 70,
10, 30, 36,
22, 125,
125, 126,
10, 37, 72,
35, 106,
29, 40,
50, 72,
72, 111,
87, 115,
111, 115,
103, 104, 118,
10, 69,
123, 125,
10, 133, 136,
125, 136,
9, 122, 133,
10, 136,
40, 122,
10, 27,
9, 40,
57, 64, 109,
10, 45, 86,
45, 47,
12, 57,
47, 136,
10, 65,
66, 93,
80, 85,
10, 132,
10, 130,
104, 130,
72, 132,
133, 136,
47, 125,
10, 125,
40, 137,
107, 130,
21, 40,
46, 133,
10, 88,
63, 129,
77, 133,
10, 35, 96,
10, 40,
10, 95,
40, 72,
40, 106, 107,
81, 108,
10, 125,
112, 134,
66, 129,
10, 96, 124,
10, 115,
37, 40,
10, 39,
40, 60,
10, 53, 129,
59, 80, 85,
108, 123,
33, 73, 115,
43, 60,
10, 100, 105,
113, 115,
100, 129,
40, 100,
93, 121,
4, 11,
13, 115,
13, 28, 40,
40, 100,
36, 40,
40, 60,
13, 43,
10, 72,
