1, 2, 3,
6, 9,
11, 12, 13,
14, 15, 16,
18, 19, 20,
22, 23, 24,
19, 25, 26,
27, 28, 29,
31, 32,
34, 35, 36,
2, 37,
19, 39, 40, 42,
15, 1030, 1849,
13, 45, 46,
47, 48,
50, 51, 52,
54, 55, 56, 57,
59, 60,
19, 62, 63,
64, 65, 66,
19, 67, 68,
19, 69, 70,
19, 71, 72,
73, 76, 79,
88, 2185, 2351,
19, 83, 84,
150, 672,
87, 88, 89,
90, 93,
93, 95,
19, 151, 421,
65, 99, 100,
215, 357, 479,
261, 1142,
19, 150,
110, 111,
112, 113, 114,
19, 150,
118, 119, 120,
122, 123, 124, 125,
126, 127, 128, 129,
2, 3, 130,
132, 133, 134,
135, 136, 137, 140, 142, 143,
145, 146, 147, 148, 149,
150, 151, 152, 153,
154, 155, 156, 157, 158,
157, 159, 160,
161, 162, 163,
165, 166,
152, 168, 169,
165, 170,
171, 172,
168, 173, 174, 175, 176,
177, 178,
180, 181,
183, 185,
142, 186, 187,
189, 190,
192, 193,
19, 381, 1691,
196, 197,
199, 200,
201, 202,
2, 204, 205,
19, 93, 206, 207,
208, 209, 210,
175, 211, 212,
152, 213,
13, 215, 216,
96, 217,
19, 213,
215, 479,
19, 220,
119, 213, 221,
159, 620, 2551,
96, 1094,
19, 227,
228, 229,
231, 232,
234, 236,
36, 238,
36, 239, 240,
241, 242,
19, 244,
99, 246,
211, 1316,
150, 604,
155, 252, 253,
254, 255, 256,
19, 169,
234, 259,
13, 261, 262,
177, 263,
57, 96,
150, 261, 358, 1985,
177, 268, 269,
150, 1693, 2041,
183, 272,
175, 275,
1402, 1745, 1780,
96, 114,
13, 280,
19, 196, 281,
202, 282,
1267, 2351,
178, 286,
1131, 2551,
291, 292,
294, 295, 296, 297, 298,
65, 300, 301,
19, 302, 303,
134, 304, 305,
36, 159, 1341,
307, 308,
57, 310,
19, 312,
211, 313,
315, 316,
55, 166, 318, 319,
172, 320,
19, 322, 323,
67, 324,
251, 369, 1155,
2, 197, 331,
19, 454,
19, 152, 336, 337,
676, 1985,
1048, 1745,
120, 344, 345,
346, 347,
36, 349,
351, 352,
13, 137,
13, 215,
147, 213, 357, 358,
19, 359, 360,
361, 362,
364, 365,
652, 2541,
1368, 1986,
373, 374, 375,
19, 376, 377,
134, 197, 378,
2, 380, 381,
137, 382,
19, 90, 134, 384,
19, 385, 386,
388, 389, 390,
19, 135, 389, 392,
393, 394, 395,
396, 397,
399, 400, 401, 402,
177, 197, 403, 404,
352, 405, 406,
408, 409, 410, 411,
19, 1769, 2351,
34, 183, 413,
89, 213, 414, 415,
816, 1001, 1533,
15, 88, 412,
421, 422,
423, 424,
96, 426, 427,
428, 429, 430,
142, 381, 431, 432,
2447, 2551,
437, 438,
36, 440,
19, 140, 442,
19, 443,
213, 445,
13, 215,
340, 450,
28, 454, 455,
2, 456,
352, 459, 460,
19, 462, 463,
19, 381, 465, 466, 467, 468,
55, 469,
56, 471,
177, 291, 1696,
2253, 2425,
352, 478, 479, 480,
152, 381,
166, 482, 483,
418, 804,
215, 1749,
15, 36, 2372,
493, 494, 495, 496,
150, 166,
19, 213, 432, 499, 500,
502, 503,
66, 213, 504,
13, 479, 505, 506, 507, 508, 509,
344, 448, 510,
798, 1745, 1953,
36, 381, 512, 513,
159, 514,
390, 514, 516,
211, 1696,
261, 514,
177, 521,
88, 514, 523,
289, 517,
147, 215, 255, 426, 2526,
134, 213, 529,
29, 213, 531, 532,
514, 533,
156, 527,
255, 533,
506, 533, 537,
177, 538, 539,
13, 36, 506, 540, 541,
390, 532,
211, 352, 543,
545, 546,
213, 547,
213, 547, 549,
514, 517, 521,
480, 551,
19, 63, 552,
552, 553,
289, 555,
36, 557,
234, 559,
166, 538, 561,
517, 562,
234, 564, 565,
13, 566,
569, 570,
19, 571,
175, 572,
142, 1657, 2340,
564, 575, 576,
476, 586,
234, 252, 579,
352, 564,
15, 261, 1862,
426, 494, 582,
13, 440, 494,
584, 585,
587, 588, 589,
590, 591, 592,
109, 559,
197, 423,
429, 595, 596,
36, 564,
215, 598,
28, 360, 389,
352, 603, 1752,
211, 234, 517, 603,
538, 605, 606,
506, 585, 607,
390, 514,
19, 609,
60, 610,
177, 561,
494, 613,
426, 615, 616,
215, 368, 617,
234, 252, 618, 619,
13, 516, 620,
440, 618,
99, 622,
96, 159, 479,
426, 625, 626,
34, 96,
96, 159, 381,
215, 426,
506, 632,
252, 579, 618,
234, 634,
654, 761, 2060, 2351, 2551,
352, 564, 570,
638, 639, 640,
261, 479, 641,
28, 389, 642,
643, 644,
426, 646,
850, 1984, 2034,
234, 564,
99, 426, 618, 651, 652,
234, 653,
13, 390,
213, 607,
36, 656,
99, 234, 659,
28, 440,
514, 557, 661,
663, 664,
508, 665,
234, 590,
19, 668,
99, 109, 234, 669,
36, 211,
36, 390, 582,
28, 344,
28, 674,
46, 517, 675,
96, 388, 494,
177, 517, 665,
88, 252, 678,
13, 615, 680,
109, 234, 615,
19, 851,
587, 668, 683,
309, 1922, 2508,
514, 606, 688,
609, 689,
517, 618,
88, 1398,
465, 1691,
213, 696,
36, 698,
13, 205, 255,
634, 700,
213, 701,
704, 705,
213, 242, 706,
707, 708,
710, 711,
125, 152, 713,
668, 715,
36, 716, 717,
719, 720, 721,
722, 724,
60, 725,
36, 727, 728, 730, 731, 732,
88, 1691,
1691, 1795, 2551,
508, 737,
3, 177, 738,
213, 381, 739,
19, 741,
13, 65, 506,
282, 527, 743,
19, 72, 744,
118, 152, 375,
537, 746,
358, 747, 748,
124, 359, 749,
19, 454, 456,
19, 751,
479, 1734, 2551,
755, 756,
758, 759, 760,
213, 761, 762,
19, 461, 1827,
756, 765,
236, 767,
252, 769,
923, 965, 2628,
159, 965,
56, 57,
57, 183, 777,
177, 215,
618, 779, 780,
381, 781,
19, 384,
252, 784,
88, 1812,
506, 790,
19, 781,
36, 421, 792,
19, 345,
794, 795,
796, 797,
965, 1664, 1679,
610, 800,
36, 215,
414, 482,
159, 804,
88, 965,
177, 402, 807,
19, 142, 808,
770, 809,
57, 810, 811,
96, 171, 172,
88, 159, 812,
36, 159,
57, 770, 809,
19, 814,
19, 151, 815, 816,
19, 817,
352, 796, 818,
19, 65, 819,
37, 214, 372,
152, 392, 720,
211, 421,
823, 825,
634, 826, 827,
15, 88, 205, 211,
13, 57, 830,
13, 832,
159, 499, 833, 834,
19, 65, 732, 835,
825, 836,
838, 839,
809, 838, 841,
31, 399, 965, 1654,
13, 844,
484, 842,
88, 1691,
1691, 1713,
849, 850,
1272, 1693,
152, 853,
839, 854,
276, 623,
2, 19, 857,
159, 421, 506, 796,
381, 858, 859,
152, 860,
13, 862,
1960, 2131,
415, 502, 867,
150, 440, 1172,
2, 19, 280,
870, 871,
368, 873, 874,
508, 870, 875,
252, 811, 876,
508, 878,
19, 147, 2028,
252, 880,
255, 414, 882,
13, 883, 884,
151, 381, 1414,
888, 889, 890,
88, 876, 891,
2, 19, 893,
16, 255, 1909,
96, 895,
36, 897,
1173, 1366,
767, 901,
245, 1909, 2110,
876, 895,
114, 904,
678, 770,
13, 210, 904,
147, 1159, 1569,
13, 2155, 2579,
36, 440, 910,
31, 56,
1618, 1691, 1704,
2, 913, 914,
36, 159, 252, 857,
870, 916,
527, 917,
13, 96, 440, 479, 919,
352, 920,
96, 177, 921,
177, 922,
114, 460,
273, 486, 1402,
177, 585,
922, 927,
166, 929,
19, 232, 931,
19, 96, 932, 933,
3, 19,
151, 2131,
337, 2351,
19, 345,
166, 193, 878,
19, 939, 940,
4, 1194,
171, 172,
57, 114, 942,
114, 460,
19, 2057, 2188,
13, 945, 946,
253, 269, 946,
352, 947,
252, 882, 949,
949, 950,
2, 19, 952,
426, 440,
460, 954,
19, 217, 956,
88, 800,
761, 1727, 2551,
2, 142, 152,
215, 959, 960,
613, 961, 962,
159, 429, 913, 959, 963,
31, 440,
2, 19, 89, 460,
114, 966,
119, 967,
65, 460,
152, 238,
408, 1035, 1343,
154, 971,
318, 971,
166, 956, 973, 974,
19, 1691,
975, 978,
557, 980, 981, 982,
2, 65,
13, 1778,
323, 440, 460,
183, 231,
2, 19, 148,
986, 987,
688, 989,
36, 991,
213, 893, 993,
114, 546, 994,
211, 381,
993, 995, 997,
154, 998, 999,
460, 728,
171, 1001,
57, 154,
154, 165, 986,
165, 1004,
706, 1005,
178, 1006,
656, 1007,
65, 895,
169, 800,
66, 392, 871,
1010, 1011,
19, 168,
368, 1010, 1014, 1015,
165, 1016,
2137, 2289,
13, 352, 1021,
3, 747, 835,
13, 411, 479,
211, 421,
12, 57, 1023,
465, 874, 1024,
252, 440,
1221, 1622,
31, 421, 1029,
421, 440, 618,
96, 1032,
159, 506, 1034,
506, 1034, 1035,
19, 815, 1036,
19, 152, 717,
255, 1037,
384, 1039,
1042, 1043,
19, 381, 1044,
19, 381, 895,
159, 917,
496, 800, 989,
66, 211, 1046,
2, 19, 1047,
404, 499, 1048,
171, 172, 421,
653, 1049, 1050,
2, 152,
833, 986, 1052,
88, 869,
19, 159, 549,
13, 421,
1055, 1056,
252, 724, 730,
211, 440, 1058,
211, 506,
16, 460, 2370,
15, 88, 96, 1230, 2155,
252, 460,
19, 421,
150, 1427,
13, 217, 883,
37, 232,
13, 620,
618, 800,
460, 1074, 1075,
932, 1076,
2, 19, 169,
142, 255,
19, 1691, 1979,
19, 429, 460,
36, 460, 678, 1081,
19, 208, 1082,
169, 429,
352, 427, 949,
596, 1084,
261, 1086,
2, 1087,
159, 557,
142, 1089,
19, 152,
352, 913,
213, 971, 1092,
429, 1004,
175, 819, 987,
178, 253, 975, 1094, 1095,
96, 352,
36, 1097,
65, 1099, 1100,
55, 352,
19, 150, 467, 1102,
1103, 1104,
19, 460, 1105,
154, 1106, 1107,
154, 1108, 1109,
19, 151,
150, 1139, 2229,
38, 1029,
211, 283, 421,
28, 381, 1117,
304, 929,
19, 129,
13, 255, 646,
236, 291, 1120,
88, 165, 1121,
88, 340,
163, 1010,
19, 153, 239,
1124, 1125,
13, 32, 381,
19, 1126,
410, 585,
336, 827, 1127,
381, 479, 506,
19, 815, 1102,
815, 1032, 1125, 1128,
134, 211, 215,
231, 1129, 1130,
825, 862,
1132, 1133,
65, 66, 1135,
880, 1136,
36, 381, 404, 1094,
255, 358, 381,
19, 148, 305,
900, 2155,
1074, 1140, 1141,
215, 479, 1142,
2, 152,
2, 19, 442,
1145, 1146,
1005, 1105,
28, 215, 217,
445, 463,
381, 603, 618, 1149,
13, 1150,
381, 547, 1152,
183, 1153,
2, 213,
19, 133,
460, 860, 1156,
19, 209, 429,
19, 148, 374,
211, 291, 460,
114, 1005,
721, 860,
36, 211, 1159,
2, 12, 213,
119, 1160,
2401, 2422,
319, 1142, 2665,
36, 252,
3, 213,
521, 531, 1169,
36, 421, 440, 620, 1171,
19, 147, 2057,
3, 66,
36, 155, 159, 240,
35, 1175, 1176,
66, 217, 1177,
114, 183, 211,
177, 402,
1179, 1180,
421, 545, 859,
264, 481, 1575,
305, 833,
878, 1186,
177, 1187, 1188,
1150, 1189,
424, 502, 1191,
36, 96, 1192,
36, 352, 1193,
152, 815, 1195,
496, 1067, 2623,
142, 1693,
88, 1200, 1201,
19, 36,
1035, 1366, 1398, 1533, 2630,
36, 261, 1207,
147, 1691,
57, 159,
496, 2291, 2655,
96, 854,
426, 437, 1050,
368, 833, 1213,
1691, 1763,
527, 1217,
460, 1218, 1219,
211, 876,
2, 142,
9, 529, 1140,
142, 1222, 1223,
961, 998,
142, 1225, 1226,
3, 971,
19, 238, 1177,
19, 959,
55, 178,
460, 971,
421, 557,
421, 506,
527, 1233,
36, 57,
19, 215, 706,
19, 352, 1236,
2, 1160, 1226,
88, 620,
252, 421,
252, 678,
448, 885,
159, 261,
19, 384, 1242,
2, 1243,
19, 133, 426, 1244,
215, 234, 352,
215, 440,
19, 808, 1177,
142, 1121, 1152,
2, 70, 429,
177, 1246,
134, 213, 927,
36, 215, 1249,
2, 152, 1251,
37, 1745,
2, 506,
114, 368, 1255,
1029, 2255,
93, 618,
527, 1233,
19, 142, 860,
216, 426, 1037, 1260,
305, 1261,
1263, 1264,
19, 152, 217,
19, 152,
261, 426, 440,
19, 1109,
211, 1268, 1269,
2155, 2255,
147, 1434,
115, 211, 426,
13, 1276,
13, 65, 283,
36, 796,
65, 796,
88, 506,
13, 134,
88, 1095,
114, 183, 1282,
177, 975, 982,
36, 88,
28, 381, 421, 761, 1285,
213, 1286, 1287,
232, 527, 1217,
154, 211, 1027,
28, 66, 808,
2, 213, 1089,
252, 381, 479,
2, 213,
118, 2131,
114, 178, 959,
96, 381, 1268,
2, 159, 853,
93, 1292, 1293,
421, 618,
166, 1295,
36, 1037, 1187,
862, 1049, 1297,
159, 440, 1082,
703, 1749,
1295, 1922,
19, 168, 1149,
19, 890,
151, 213,
1304, 1305,
20, 255,
151, 479, 1094,
109, 178, 1307,
368, 2236,
790, 1310,
152, 1312,
42, 1314, 1315,
28, 1036,
494, 651,
264, 1221, 1693,
1208, 2284,
15, 440, 1027,
1326, 1327,
1328, 1329,
122, 1255,
665, 1330,
96, 440,
318, 1200, 1334,
559, 986, 1335,
236, 675,
557, 1338,
152, 1015, 1340,
19, 1036,
159, 584, 808,
36, 618, 1341,
618, 1335,
508, 1343,
615, 1201,
109, 1335,
703, 1142, 1981,
569, 1347,
109, 352, 615,
97, 159, 1710, 2338,
1351, 1352, 1353,
20, 211, 440, 1354,
88, 1355,
13, 618,
315, 521,
13, 36, 421, 618,
13, 315, 1361,
309, 2351,
147, 151, 491, 2447,
152, 1365,
88, 1039,
152, 211,
166, 1369, 1370,
88, 517,
88, 559,
255, 1373, 1374,
36, 1373,
440, 618,
870, 1377,
626, 870,
213, 345,
1380, 1381,
96, 1007,
177, 496, 1384,
96, 440, 618,
19, 213, 345,
2094, 2351,
36, 440,
152, 1390,
751, 1391,
506, 613,
151, 1391,
215, 234, 2570,
1200, 1396,
9, 96,
152, 1159, 1398,
2458, 2655,
36, 381, 479,
543, 1396, 1401,
352, 1402, 1403,
12, 1365,
368, 1405,
88, 311, 522,
688, 1180, 1408,
13, 779, 1409,
36, 421, 1410,
229, 693, 1745, 2655,
88, 659,
19, 2181, 2551,
494, 1416,
1418, 1420,
401, 916,
96, 352, 494,
142, 180, 1117,
394, 1374, 1422,
678, 1384, 1418,
181, 1425,
745, 2048,
810, 1140,
440, 506,
197, 465,
394, 1326,
897, 1412,
916, 1433,
13, 1416,
19, 454, 1159,
1412, 1435,
88, 1437,
88, 1439,
618, 1441,
1808, 1811,
16, 507,
28, 142, 1446,
177, 777, 1447,
177, 785, 1648,
16, 1449,
16, 211, 494, 613,
88, 183, 613, 1452, 1453,
585, 1454,
13, 175, 215,
55, 124,
183, 200,
16, 1201, 1380,
16, 737, 1458,
1454, 1459,
800, 1103,
2, 35,
19, 1461,
1664, 1691,
159, 480,
150, 711, 1464,
150, 213, 1464,
292, 1459, 1465,
151, 603,
13, 1467, 1468,
36, 159,
177, 1470,
102, 1472,
36, 495, 562, 613, 1474, 1475, 1476,
36, 421, 653, 1034,
255, 1477,
65, 381, 1479,
210, 506, 1480,
252, 1286, 1468,
159, 954,
19, 96, 1482,
19, 152,
967, 2471,
28, 747,
1490, 1491,
150, 159,
1493, 1494,
151, 2018, 2381,
700, 770, 1377,
36, 175,
36, 2060, 2351,
55, 352, 1501,
1130, 1433,
1014, 1204,
19, 467, 1504,
88, 1505, 1506,
1130, 1461,
150, 1508,
368, 613,
36, 159,
368, 1505,
19, 381, 510,
1130, 1260, 1514,
381, 713, 1044,
9, 177,
36, 440, 529,
152, 183, 1517,
381, 1390, 1518,
183, 313,
152, 213,
35, 1130, 1520, 1521,
183, 777, 1260,
211, 1409, 1522,
36, 381, 479, 1523,
19, 152, 1133,
1524, 1525,
99, 381,
19, 213, 454, 1354,
1526, 1527,
96, 1530,
147, 2351,
818, 1213, 1327,
96, 796,
100, 381, 421, 618,
172, 659, 1533,
711, 991,
1153, 1520,
36, 1536,
65, 1538,
14, 1180,
215, 1355,
13, 252, 1042, 1351,
13, 589,
215, 1355,
557, 838,
147, 413, 2351,
485, 989, 1495,
177, 315, 619,
211, 1547, 1548,
19, 213, 618, 1070,
255, 1548,
352, 557,
13, 1420,
19, 1553,
891, 1127, 1554,
190, 454,
19, 432, 1340, 1556,
19, 147,
252, 1558,
177, 663,
96, 1561,
26, 100, 152, 381,
19, 28,
159, 1326, 1564,
36, 1387, 1565,
142, 1566,
96, 440, 618, 1567,
19, 28, 1036,
36, 211,
177, 384,
1328, 1691,
142, 455, 1573,
177, 1574,
1745, 2461,
159, 1579,
19, 213,
455, 1518, 1582,
19, 1175,
159, 252, 1584,
177, 1585,
1529, 1827, 2461,
19, 1517, 1590,
506, 1014, 1591,
871, 1592, 1593,
495, 1035,
28, 381, 1479,
213, 1092,
36, 761,
16, 88, 1596,
809, 1520, 1597,
527, 994,
36, 397,
1599, 1600,
73, 959,
440, 753,
19, 359, 1752,
88, 1579,
19, 142, 706,
527, 562, 1233,
183, 263,
175, 177, 1401,
1327, 1520,
183, 838,
512, 1453, 1545,
506, 521, 592,
19, 213, 1608,
506, 832, 1474,
28, 215,
88, 159,
1138, 1675,
467, 952,
309, 734, 1908,
150, 345, 747,
36, 521,
211, 1365, 1548,
211, 352, 1617,
13, 32, 57,
215, 2351,
967, 1099,
13, 1130, 1327,
36, 252,
183, 252, 1623,
2, 213, 506, 1070,
352, 616, 1094,
211, 1624,
211, 1626, 1627,
506, 833, 1629,
19, 147,
557, 1140,
213, 1632, 1633,
159, 252, 1634,
166, 646, 929, 1351,
810, 1381, 1635,
147, 151,
36, 618, 1352, 1638,
313, 777, 1396, 1639,
36, 440, 1396,
28, 421, 1640,
13, 480, 651,
13, 1641,
269, 508, 509, 1458,
19, 181, 1425,
440, 479, 506, 1410,
96, 421, 1642,
19, 381, 1479,
810, 1644,
89, 118, 761,
183, 1452,
215, 421, 620, 1443,
19, 28, 1015,
215, 304, 506,
19, 255, 301,
183, 252, 1646,
13, 211, 1647,
215, 1480,
15, 28,
506, 1477, 1617,
183, 1140, 1327,
19, 213, 1365,
636, 1134, 1841,
479, 618,
215, 440, 1653,
426, 1654, 1655,
20, 362, 1656,
211, 638, 1657,
96, 1035, 1334,
88, 517, 680,
72, 213, 506,
88, 1396,
36, 1128,
19, 149, 213,
183, 1007,
19, 28, 668,
13, 118,
28, 860, 1523,
564, 1591,
28, 991, 1663,
88, 1390, 1665,
255, 480,
827, 1666,
577, 1667,
523, 833,
19, 28, 1670,
159, 252, 1564,
368, 1574,
119, 748, 1222,
44, 177, 1395,
368, 1672, 1673,
44, 426, 1674,
213, 751, 1391,
19, 151,
88, 1676,
13, 1201,
16, 166,
514, 875, 1412,
19, 394,
36, 479,
426, 1396,
19, 668, 1518,
1136, 1447,
159, 1683, 1684,
618, 1685,
14, 1687, 1688,
177, 1646,
36, 159, 440,
303, 1533,
19, 213, 381, 747,
36, 252,
88, 777, 1693,
37, 1287, 1627, 1694,
159, 440, 559,
88, 653,
426, 665,
211, 1355,
1577, 1699,
150, 522,
36, 506, 1117, 1703,
255, 480, 1384,
27, 28, 213,
19, 142,
252, 352, 1565,
96, 1396,
36, 211,
963, 1582,
13, 1351,
37, 1709,
16, 809, 1655,
13, 35, 529,
31, 510, 1449,
303, 506, 1452,
13, 377, 506,
13, 479,
514, 529,
152, 929,
28, 89, 93,
65, 150, 711,
1200, 1439,
19, 211, 641,
19, 213,
19, 967,
213, 761,
19, 381, 1720,
213, 381, 426,
892, 2106,
159, 440, 890,
375, 618,
19, 151, 381,
255, 1326,
1140, 1472,
159, 1117, 1670,
19, 312, 618,
93, 1577,
479, 1633,
159, 584,
19, 761, 1391,
150, 1022,
421, 1402,
177, 1476,
211, 352,
9, 215, 1150,
96, 183, 1501,
2, 36, 1491,
150, 213,
13, 177, 616,
315, 661, 1365,
19, 60, 215, 345,
150, 381, 1315,
159, 426, 916,
19, 152,
36, 1335,
19, 63, 213,
381, 510, 1663,
159, 215,
19, 28, 381, 1738,
159, 479,
19, 213, 381,
19, 381, 890,
183, 529, 1740,
315, 1007,
1355, 1743,
234, 1744,
36, 616,
88, 211, 480,
213, 344,
989, 1171,
37, 211, 2540,
252, 1094, 1188,
16, 585, 1027,
65, 835, 1087,
381, 713, 1749,
1070, 1117, 1750,
13, 1343,
1752, 1754,
381, 440, 1756,
384, 815, 1757,
142, 1760, 1761,
19, 1762,
1749, 1764,
207, 213, 814,
1684, 1767, 1769,
142, 381, 1770, 1771,
1243, 1749, 1772, 1773,
381, 1774,
1776, 1777,
137, 1778,
255, 462, 1780,
929, 1276, 1781,
1782, 1783, 1784,
119, 197,
519, 2526,
83, 1749,
304, 1789,
119, 422, 1790,
87, 1791, 1792, 1793,
35, 1794,
13, 183, 1796,
119, 1797, 1799,
96, 197,
197, 721,
1441, 1800,
426, 1801,
2, 204, 1802,
96, 1841,
19, 817, 1806,
88, 2256, 2514,
39, 1441, 1810, 1811,
381, 440, 479, 1354,
19, 1073, 2334,
13, 785,
3, 1633, 1818,
1819, 1820,
1821, 1822,
19, 1033,
19, 213, 1828,
147, 150,
1295, 1832, 1833,
454, 1834, 1835,
760, 1837,
13, 276, 1662, 2415,
529, 1752, 2339,
37, 1640,
19, 1843,
529, 1825,
1094, 1390, 1846,
19, 1567,
426, 1036, 1847,
529, 2274,
115, 710,
672, 923,
693, 1749,
65, 711, 1623, 1857, 1858,
460, 769, 1859,
151, 271, 529,
19, 1810,
151, 983, 2338,
873, 1866,
285, 1868,
1200, 1869, 1870,
197, 585, 1640, 1749, 1871,
177, 1872,
521, 1029, 1683,
784, 1312, 1656,
880, 1029,
13, 215, 1749,
13, 1877,
159, 1878,
1872, 1880,
382, 1881,
215, 1883,
426, 618,
15, 352, 1105,
19, 1467,
521, 527, 2137,
142, 460, 1036,
170, 1890,
543, 1891, 1892,
15, 96, 603,
975, 1895,
1896, 1897,
300, 1340,
618, 1901,
36, 159, 381, 1902,
1168, 2568,
36, 1904,
15, 1906,
1693, 2425,
3, 897, 1910,
421, 618, 1911,
159, 421, 618, 1912,
618, 1479, 1901,
213, 381, 1914,
88, 426,
1916, 1917,
15, 1918,
368, 636,
440, 841, 1200, 1923,
19, 1752,
142, 381,
15, 1928,
884, 1001,
644, 1372,
37, 1192,
210, 1936, 1937,
989, 1917,
1939, 1940,
1222, 1872,
211, 352, 1120, 1942,
1940, 1943,
352, 508, 1942,
96, 1945,
96, 159,
381, 1757,
19, 213, 1948,
211, 440, 1949,
96, 1171,
888, 1942, 1952,
381, 479, 1007, 1047, 1749,
395, 1954, 1955,
88, 1131,
618, 967,
261, 2676,
19, 2257,
19, 2338, 2494,
255, 1967,
1970, 1971,
381, 426, 638,
352, 1972,
31, 1952, 1974,
352, 1976,
13, 1952, 1977,
11, 1222, 1676,
15, 1979, 1980,
15, 841,
1982, 1983,
1673, 1749,
1142, 1984,
15, 255, 381,
213, 381, 1987,
506, 618,
618, 1989, 1990,
177, 1991,
308, 381, 1749,
1295, 1993, 1994,
381, 1995,
381, 1989, 1996,
211, 421, 826,
150, 215, 1142,
88, 352,
13, 440, 618,
96, 231, 421,
940, 1917, 2001,
96, 1016, 2002, 2003,
2004, 2005,
2006, 2007,
1627, 2009,
19, 381, 1872,
19, 1955, 2010,
15, 991, 1326,
88, 618, 2012,
853, 2005,
140, 1092,
421, 1493,
309, 1008, 2551,
515, 1920, 2034,
142, 1920,
1099, 1749, 2020,
152, 618, 1989,
215, 1095,
1904, 2022,
19, 2023,
65, 733, 1685, 2351,
341, 1402, 2568,
1749, 1891, 1928,
13, 36, 2030,
118, 479,
479, 802,
359, 1142, 2394,
213, 479, 617,
32, 352, 2270,
1959, 2040,
366, 967,
2043, 2044, 2045, 2046,
850, 2047,
15, 96, 1983, 2049,
2050, 2051, 2052,
841, 1943,
142, 213, 2055, 2056,
1939, 1940, 2006,
213, 381,
13, 118, 381,
13, 36,
421, 1007, 2059,
680, 1890, 1917,
381, 1872, 1948, 2060,
211, 215,
381, 1872,
15, 2064,
440, 1923,
13, 479, 1923,
1703, 2067,
2068, 2069,
177, 368,
213, 2040, 2072,
143, 2073,
2074, 2075,
310, 981,
1818, 2079,
352, 1752, 2338,
2074, 2084,
358, 1817,
967, 1716, 2287,
2089, 2090, 2091,
19, 672, 1102,
359, 1749,
19, 1124, 1865,
142, 2096, 2097,
421, 618, 1773, 2098,
449, 566, 2676,
48, 1749, 2101,
40, 142,
189, 2103,
150, 449,
2067, 2107,
349, 460,
384, 1749, 1880,
1310, 2109,
2111, 2112, 2113,
1977, 2114, 2115, 2116,
1749, 2117,
177, 2463,
88, 174, 215, 2121,
209, 739, 1135, 2122,
291, 2123, 2124,
213, 454,
152, 213, 2125,
197, 513, 721, 1703, 1783,
24, 213, 460, 2117,
96, 1804, 2370,
13, 304,
814, 1948, 2132,
469, 1195, 2133,
88, 159,
56, 88,
1314, 2098, 2140,
159, 745, 893,
95, 1799, 2143,
443, 460,
177, 2145, 2146,
440, 620, 2147, 2148,
384, 967, 1749,
1295, 2151,
603, 1036, 1242, 2153,
147, 967,
2155, 2156, 2157,
1989, 2159,
1890, 2134,
761, 1665,
2148, 2162, 2163,
366, 967,
460, 2153,
13, 1668,
1310, 1868, 2171,
19, 454, 946, 2172, 2173,
255, 413, 2174,
610, 2175, 2176,
31, 1890, 1891,
460, 967, 2178,
88, 1200, 2180,
440, 903,
3, 161, 2182,
2182, 2183,
521, 2148, 2185,
577, 1890, 2186,
57, 177, 1834,
1801, 2187,
55, 1891,
36, 55, 211, 2191,
177, 2192, 2193,
1095, 2194,
13, 261, 2148, 2196,
115, 460,
13, 2198, 2199,
36, 68, 404, 1200, 2174,
304, 1845, 2351,
1890, 2203,
1891, 2182, 2205,
215, 1693,
88, 2207,
96, 159, 252, 2209,
381, 1749,
1749, 2211,
1074, 2213,
1956, 2293,
1890, 2174,
2217, 2218,
2174, 2220,
2121, 2221,
36, 2223, 2224,
96, 2178, 2226,
509, 2174,
1050, 1480, 2229,
96, 1527, 2230,
15, 938,
211, 761, 2233,
31, 910,
1135, 1984, 2234,
1, 259, 1441,
96, 1749,
900, 903, 938,
166, 1343,
150, 151, 1364,
159, 232, 2240,
13, 211,
174, 479,
460, 1749, 2244,
506, 557, 2245,
252, 2012, 2203,
13, 158,
88, 940, 1142, 1548,
2218, 2247,
858, 2124,
13, 183, 2193,
1200, 1928,
19, 150, 1033,
86, 243, 2497,
5, 28,
88, 1409,
1398, 1691,
1132, 1891, 2196,
3, 88, 2220,
577, 2258, 2259,
1749, 2262,
19, 1749, 1757,
310, 1693,
506, 1801,
88, 1478, 2523,
529, 2224, 2244,
19, 142,
88, 2218,
1407, 1533,
109, 1834,
253, 448,
31, 508,
36, 2273,
19, 381, 1749, 2060,
19, 67, 2275,
381, 460, 2060,
460, 2262,
1409, 2187,
88, 159, 2278,
2278, 2280,
88, 99, 2218, 2281,
177, 561, 1142, 2282,
13, 509, 1891, 2283,
37, 490,
96, 506, 2288,
849, 2047,
2273, 2290,
215, 2079,
86, 245, 745,
2153, 2295, 2296,
13, 352,
917, 994,
435, 2273, 2298,
177, 1693,
96, 352, 2194, 2300,
19, 672, 1852,
37, 1048,
897, 2156, 2305,
1749, 2174,
159, 1902, 2307,
177, 1601, 2546,
2174, 2310, 2311,
381, 2296, 2310,
1160, 2312,
88, 997, 2314,
159, 917, 1035,
381, 460, 2317,
460, 2317, 2319,
36, 261,
400, 1105,
215, 506, 749,
37, 490, 1709,
2305, 2312, 2324,
980, 2174,
96, 2307,
529, 1676, 1955,
177, 647, 1326,
88, 644, 1439, 2328,
213, 2211,
159, 1142,
381, 1749, 2332,
213, 381, 545,
2324, 2335,
897, 2022, 2336,
1160, 2337,
545, 2337,
1749, 1890,
19, 2064,
13, 177, 2343, 2344,
904, 2345, 2346,
2193, 2343, 2347,
2091, 2314,
2258, 2324, 2348,
147, 1749, 2109,
13, 1892, 2298,
174, 211, 761, 1276, 2240,
177, 1943,
94, 215,
32, 211, 506, 2551,
124, 1834,
460, 1955,
15, 722, 997,
448, 2357,
1676, 2358,
2336, 2359,
1590, 2551,
1522, 1955, 2362,
88, 2363,
174, 1757,
381, 914, 2060,
3, 96, 213, 381, 2060, 2365,
381, 2060, 2366,
255, 440, 1029, 2368,
1878, 2369,
2282, 2371, 2372,
142, 654,
381, 440, 1749,
502, 543, 2362,
15, 177, 2374, 2375,
159, 1974,
96, 177,
161, 2174,
88, 1200, 1928,
304, 2146,
385, 1749, 2224,
1525, 2379,
211, 1285, 1556,
19, 213,
19, 381, 460,
1467, 2382,
19, 88, 1857,
575, 2060, 2383,
19, 150,
177, 426, 1743,
1056, 1142, 1588,
1099, 1285,
177, 1035, 2524,
1890, 1971, 2174,
133, 152, 2389,
36, 160, 2390,
96, 2148,
1007, 2393,
36, 2174, 2395,
610, 897,
147, 151, 2367,
88, 1891, 2148,
2171, 2226, 2400,
2140, 2234,
252, 967, 2402,
88, 2415,
381, 400, 426,
177, 2203, 2406,
19, 603,
88, 2408, 2409,
256, 1984,
2218, 2229,
178, 315, 2113,
618, 1663, 2218,
2218, 2408,
1647, 2218,
1693, 2408,
460, 479, 1890,
96, 2408,
1310, 2416,
177, 1254,
174, 211, 1548,
19, 1046, 2147,
37, 759, 2009,
352, 2278, 2421,
440, 1128, 1599,
460, 2422,
124, 166, 2424,
1200, 1597, 2115,
88, 479,
19, 1102, 2060,
36, 89, 2148,
166, 981, 1326, 2146,
19, 213, 2426,
1391, 1749, 2060,
19, 2427,
1001, 1809,
2187, 2430, 2431,
460, 747,
3, 96, 2434,
13, 36, 381,
460, 2435,
479, 1704,
639, 2305, 2438,
1754, 2439,
841, 1200,
19, 2060, 2441,
162, 252, 2442,
213, 381, 603,
151, 2394,
19, 1749, 1872,
88, 1001, 1036,
1749, 2060,
904, 2258,
88, 2258,
213, 1099, 2426,
426, 2448, 2449,
36, 1749,
1984, 2451,
177, 747,
381, 1749,
1749, 2455,
381, 2258, 2456,
381, 1749,
2022, 2336,
381, 2010,
381, 1872,
310, 2240, 2461,
440, 1479, 1872,
13, 88, 381, 2462,
13, 620,
1972, 2050,
1902, 2023,
1872, 2466,
1479, 2217, 2467, 2468,
865, 1783,
2469, 2470,
151, 506, 754, 1691,
222, 1364, 1691,
2421, 2475,
252, 920,
183, 1207,
174, 2478, 2479,
36, 426, 2121,
460, 2408,
551, 1264,
1749, 1757,
159, 252,
19, 460,
19, 426, 2485,
36, 159, 358,
13, 1200,
442, 747,
88, 506, 2174, 2311,
2089, 2488,
252, 1822, 2489,
3, 1749,
1368, 1986,
159, 252, 479,
211, 1548,
19, 2218, 2456,
206, 2273,
1749, 2498,
352, 1749,
66, 2045,
88, 1691, 2600,
1504, 1749, 2503,
3, 19,
210, 2336, 2505,
19, 1128, 2408,
381, 1749,
215, 2507,
1200, 1295,
1749, 2217,
426, 1508, 2224, 2511,
159, 2117,
36, 381, 705,
150, 151, 2619,
479, 678,
13, 215, 1890, 2121,
159, 618, 2234,
358, 527, 618,
1749, 2519, 2520,
161, 2390,
336, 460,
13, 2148, 2393,
1343, 2524,
1916, 2527,
177, 889, 2003,
19, 213,
211, 304, 426,
19, 2069,
19, 2069, 2530,
36, 1239, 1691,
618, 668, 2247,
118, 1922,
2180, 2245, 2534,
213, 2218, 2442,
1891, 2535, 2536,
1883, 2113, 2273,
19, 506, 2608,
37, 2540,
2051, 2060, 2542,
2060, 2153,
2218, 2442,
2336, 2505, 2544,
2040, 2368, 2545,
1943, 2213,
13, 1142, 2203,
152, 2217,
13, 479, 2148, 2548,
96, 1749, 2549,
36, 479, 2550,
96, 2469,
88, 2203,
88, 897, 2553, 2554,
1295, 2151, 2555,
88, 479,
213, 2456, 2558,
1883, 2187, 2559,
177, 2180, 2203,
469, 1554, 2390,
19, 460, 832,
454, 854, 1756,
19, 919, 1749,
159, 479,
88, 352, 997,
159, 1691, 2200,
19, 1954,
13, 215,
506, 1756, 1830,
197, 2569,
13, 527, 2229,
31, 479,
13, 1120, 2479,
211, 261, 381,
65, 2148, 2571,
19, 211,
19, 2125, 2574,
427, 555, 2575,
183, 1971, 2576,
2393, 2577,
13, 96, 1530,
2579, 2580,
13, 2582, 2583,
460, 2534,
2069, 2218,
211, 381, 2223,
1409, 2586, 2587,
32, 36,
96, 1007,
1691, 1745,
36, 2328, 2408,
2147, 2592,
618, 1479, 2488,
435, 2593,
177, 1343, 2310, 2595,
460, 761, 1100,
421, 1660, 2510,
1189, 2503,
13, 88,
308, 465, 2374,
88, 841, 1872,
19, 1479,
36, 261, 2583,
159, 841,
2601, 2602,
36, 381, 880,
3, 88,
88, 479, 2605,
13, 421,
88, 668, 1891,
211, 1479, 2607,
13, 479,
13, 308,
31, 310, 2113,
19, 1955, 2555,
1891, 2314,
215, 352,
215, 2611, 2612,
770, 2613,
2213, 2615,
166, 1928,
150, 1243, 1749,
159, 989,
13, 490, 521,
381, 479, 618,
310, 1864,
546, 2621,
2622, 2624,
19, 358, 2625,
1799, 2626,
175, 1749,
2628, 2629,
19, 460, 504, 2631,
689, 1590,
5, 1383,
165, 527,
19, 2636, 2637,
119, 860,
19, 168,
19, 440,
57, 2586, 2641,
19, 168, 430,
36, 159, 527, 1094,
178, 585,
70, 168, 213, 2645,
150, 678, 2041,
1797, 2351,
19, 2530, 2645,
166, 929,
1801, 2650,
147, 288, 2351,
1094, 2653,
154, 2004,
165, 2645,
502, 2462,
183, 1108, 2657,
178, 404,
19, 2574,
19, 426, 2637,
213, 460, 2660, 2661,
173, 2662,
119, 1784, 2664,
313, 479,
153, 1193,
142, 2665,
213, 1858,
165, 426,
460, 2669,
2258, 2670,
57, 2475,
150, 1081, 1407,
114, 1801,
166, 1693, 2653,
159, 2351,
213, 1567,
36, 2612,
57, 400, 2400,
159, 1495, 1584,
114, 590,
213, 2107,
8, 10,
151, 2107,
17, 215, 541,
17, 21, 1095,
159, 215,
19, 33,
254, 1970,
19, 358, 1872,
215, 255, 892, 2013,
49, 1422,
13, 215,
31, 53,
892, 1788,
36, 1970,
870, 2475,
870, 1192,
80, 2430,
82, 1029, 1326,
85, 211, 401,
13, 193, 401,
232, 745,
165, 1533,
142, 345,
36, 897,
98, 1074,
19, 460, 1792,
111, 150, 2648,
80, 1452,
104, 1029,
106, 166,
19, 1749,
460, 613, 2595,
116, 897, 1971,
174, 870,
88, 460,
254, 982, 1778, 1971,
131, 1693,
80, 1465, 1526,
31, 177, 916,
19, 506, 1362,
119, 1749,
144, 164, 1778,
167, 2631,
215, 1693, 1809,
179, 618, 1092,
96, 159, 460, 962, 1672,
60, 174, 182,
215, 1094,
646, 2587,
36, 166, 2146,
188, 1141,
191, 194, 368,
678, 1846,
198, 460, 2116,
96, 203, 531,
152, 1792, 1955,
9, 179, 232, 1029, 2322,
19, 214, 1207,
213, 214, 219,
177, 1058,
527, 2598, 2643,
36, 88,
179, 226,
19, 2293, 2369,
56, 233, 1592,
529, 1558,
237, 769, 2113,
245, 1029,
506, 1456, 2351,
144, 257, 1801,
36, 211, 440, 527, 633,
150, 215,
19, 2551,
88, 96,
36, 150,
119, 460,
142, 971,
13, 36, 2390,
817, 1094, 1799,
96, 1142, 1207,
277, 575, 2657,
279, 603,
618, 1092,
65, 159, 284,
159, 254, 1955,
506, 931, 1479,
88, 1142,
177, 2463, 2546,
19, 299, 1984,
306, 460,
284, 1891, 2470,
880, 1041, 1691,
252, 769, 2174, 2183,
314, 527,
106, 1936, 2448,
585, 2147,
3, 142, 2097,
730, 1749,
208, 1141, 1799,
19, 328, 329,
19, 55, 106, 109, 272, 2223,
159, 330, 332,
80, 333, 841, 1971,
333, 841,
1029, 2615,
55, 164, 177,
36, 1778,
151, 1749,
211, 939, 1019,
36, 342, 2670,
343, 1778,
841, 1408, 2174,
170, 1778, 2174,
175, 177, 2548,
147, 1243,
353, 354,
96, 165, 356,
88, 732,
342, 354, 2615,
435, 1108, 1891,
19, 1599, 2441,
82, 367, 2071,
116, 2194, 2559,
369, 2223, 2224, 2615,
1027, 2601,
371, 2475,
36, 88, 352, 1127, 2475,
383, 942, 1074,
23, 2187, 2199,
215, 514,
1479, 1749, 2178,
96, 319, 391,
319, 398, 2422,
96, 118,
252, 416,
1142, 2221,
460, 2395, 2615,
420, 967,
19, 420, 1871,
93, 1749, 1955,
166, 745,
426, 434, 2300,
19, 585,
131, 183, 436, 2615,
1709, 2540,
441, 1676, 2400,
444, 2217,
215, 1900,
215, 2221,
19, 381,
857, 2147,
381, 453, 711,
36, 384,
159, 1599,
19, 967, 1099,
371, 1688,
19, 1479,
96, 391, 2174,
2, 470, 2366,
60, 2174,
473, 2174, 2475,
118, 426, 470,
165, 1075, 1801,
19, 571, 1781,
183, 1869,
19, 183, 2641,
502, 780, 2657,
13, 268,
152, 741, 1177,
13, 28,
19, 213, 2107,
19, 213, 2574,
165, 1693,
794, 1467,
56, 426, 1042, 1818,
1693, 2475,
159, 460,
616, 929, 1993,
183, 1818, 2548,
179, 967,
65, 80, 1801, 2661,
1029, 2558,
152, 1590,
213, 1872,
19, 65,
460, 515, 1391,
352, 460,
177, 1970,
177, 352, 1191,
646, 1601, 2236,
8, 620, 1970,
1783, 2107,
173, 1526,
19, 526, 2661,
28, 421,
460, 530, 1828, 1872,
527, 534, 1175,
88, 643, 2183,
88, 535, 1023,
177, 460,
19, 1799, 1954,
65, 460, 542,
544, 845, 1130,
19, 2122,
213, 550,
166, 1295, 2404,
1564, 1665, 2147,
19, 808, 1749,
152, 460, 542,
147, 265, 1763,
3, 291, 1891,
19, 460,
159, 198, 1970,
88, 962,
183, 226, 479,
213, 563, 1482,
460, 1703,
177, 1622, 2155,
9, 465, 967,
19, 152, 308,
473, 574, 2224,
96, 215,
421, 1136,
19, 454, 581,
460, 583, 1749,
202, 211, 440,
1285, 2113,
352, 521,
277, 617, 2148,
19, 2422,
152, 600, 1749,
259, 460, 1036,
19, 460, 1880,
82, 183, 1095,
254, 479,
382, 506,
93, 1749,
19, 213, 214,
80, 88, 442,
612, 2422, 2449,
93, 1297,
159, 434, 506, 2470,
19, 460, 2468,
68, 833, 1001,
308, 426, 1105,
19, 381, 2399,
19, 308, 454,
13, 177,
36, 1525,
88, 254, 1809,
413, 460, 2430,
19, 479, 534,
19, 33,
37, 2645,
13, 50,
159, 631, 1561,
183, 479, 2275,
633, 2577,
88, 215, 479,
252, 1365,
19, 404, 506,
647, 678,
1709, 2611,
211, 650,
198, 211, 460,
88, 655, 1970,
166, 489, 1691,
184, 1794,
1094, 1285, 2143,
211, 618, 939,
479, 2558,
183, 381,
620, 857, 1001,
36, 506, 2097,
19, 28, 2442,
15, 223, 880,
460, 1749, 2468,
671, 1980,
36, 2174,
214, 1599, 1801,
1131, 1652,
213, 1754,
19, 618, 1872,
88, 254,
151, 213,
257, 685,
257, 261, 1749,
33, 460, 1479,
36, 211, 261, 1638,
33, 65, 479,
36, 1665,
3, 2468,
165, 1094,
215, 2351,
199, 692,
15, 159,
96, 161, 177, 697,
1029, 1778,
526, 2571,
19, 1691,
49, 709, 1029,
444, 1793,
795, 1801, 2636,
168, 238, 2636,
70, 213, 440,
65, 618, 967,
65, 1177,
183, 718,
88, 170, 1095, 1693,
96, 638,
426, 465, 1375,
19, 1160,
159, 634, 2475,
116, 1970,
215, 752,
104, 526, 740,
56, 742, 1818,
187, 1801,
916, 2258,
19, 213, 1872,
36, 257,
3, 254, 1251,
13, 1094, 2113,
19, 192, 1799,
19, 119, 213,
170, 460, 870,
610, 1971, 2171,
473, 1979, 2187,
3, 473,
2174, 2475,
96, 768, 2559,
96, 213, 430,
2173, 2645,
124, 183,
620, 773, 869,
19, 1872,
36, 159, 215,
193, 257, 656,
88, 183, 2430,
142, 151, 219,
36, 1027,
159, 1029,
96, 920,
177, 2400,
152, 257, 2147,
13, 36, 342,
179, 213, 306,
460, 1749,
1310, 2379,
88, 769,
96, 793,
2, 213,
159, 618, 1479,
453, 802, 1778,
19, 213,
28, 36,
806, 870, 871, 1592,
213, 381, 460,
37, 179, 1817,
96, 177,
19, 147, 1657,
19, 28,
179, 440,
829, 1801,
721, 1802, 2631,
177, 837, 2146, 2187,
618, 2183, 2196,
453, 2174,
166, 454,
88, 2660,
215, 702, 1581,
177, 460, 916,
192, 616, 2194,
426, 851,
460, 747, 2511,
96, 165, 479, 740,
1890, 2174,
381, 517, 1801,
761, 2669,
119, 291, 721,
37, 759,
19, 213, 381,
903, 2568,
529, 866, 2171,
470, 529,
119, 1160,
194, 544,
13, 487, 618,
36, 460,
211, 618, 1633,
19, 134, 1152,
119, 1783,
19, 1100,
400, 887,
215, 1007,
177, 509,
535, 1943,
109, 165, 1169,
426, 1754, 2571,
13, 899, 1599,
779, 1476,
902, 974, 2146,
161, 2174,
88, 479, 1596,
173, 183,
159, 306,
96, 773, 947,
460, 2148,
585, 989,
426, 1749,
1749, 1778, 1871,
909, 911,
19, 324, 1771,
915, 918,
923, 924,
19, 926,
384, 2164,
935, 1011, 2103,
463, 924, 937,
459, 709,
359, 941, 944,
36, 948, 951,
403, 953,
69, 1749,
19, 2106,
426, 968, 969, 1872,
211, 356,
976, 2324,
118, 146, 159, 869,
215, 230, 2146,
990, 992,
1000, 1002, 1443,
426, 1003, 1740,
1009, 1012,
381, 1013, 1036,
126, 1361,
396, 1018,
33, 142, 1020,
1022, 1052, 1305, 1310,
123, 124, 1025, 1295,
804, 928, 1094, 1624, 2177,
1028, 1749,
13, 421, 618, 1031, 1923,
1033, 2621,
800, 990,
13, 191,
19, 955, 2256,
215, 1051, 1054,
500, 1142, 2551,
147, 1590,
937, 1065, 1066,
829, 1068,
15, 678, 1008,
1078, 1079, 2345,
465, 1080, 1083,
150, 2058,
174, 215, 304, 986,
19, 509, 1083, 1091,
471, 1948, 1952,
1063, 1687,
150, 1096,
352, 2058, 2623,
142, 1789,
253, 1113, 1115, 1116,
147, 1118, 1119, 1122,
381, 550, 1054, 1832,
1749, 2625,
19, 141,
279, 923,
1138, 2628,
13, 1341, 2625,
13, 14, 244, 421, 1143,
13, 14,
1692, 2551, 2639,
1295, 1843,
1155, 1157,
1158, 1161,
337, 352, 1948,
1165, 1166,
426, 779,
54, 440,
384, 426, 1223,
440, 479, 1122,
426, 1797,
19, 915,
135, 137, 1181,
36, 88, 1895,
36, 368, 1182, 1183,
3, 381, 1989,
1184, 2402,
622, 998, 2121,
1599, 1952,
1295, 1994, 2363,
836, 1184, 1904,
1880, 2140,
440, 672, 1085, 1202,
31, 1196, 1197,
398, 1959,
381, 431, 2233,
431, 1749,
1163, 2406,
381, 1872, 2140,
158, 1163,
150, 381, 1749,
650, 1514,
487, 1952,
1163, 2613,
352, 1163,
15, 1163,
1209, 1749,
1086, 1163, 1211,
1212, 1214,
15, 215, 352, 479, 792,
36, 479, 2670,
96, 2322,
13, 1211,
1220, 1749,
177, 1106,
19, 1227, 1872,
197, 529,
352, 1183, 1228,
800, 1229,
96, 118,
15, 177,
152, 1234,
440, 531, 1923,
381, 1237,
1183, 1211, 1452,
19, 1375,
177, 917,
177, 634, 1241,
696, 914, 2438,
142, 696, 2438,
1067, 1298, 1992,
368, 634, 1250,
15, 176,
88, 110, 159,
19, 381, 1749, 1989,
352, 506, 1067, 1589, 1992,
1258, 1259,
2022, 2507,
792, 1214, 1952,
450, 1265,
255, 1952,
1749, 1902, 1952,
833, 1267, 1506,
88, 841, 1270,
833, 1952,
1273, 1749,
215, 1259, 1275,
20, 426, 1749,
211, 2064,
13, 815, 1277,
19, 1955,
15, 36, 1278,
454, 1279, 1280,
142, 147, 1521,
1183, 1683,
1525, 1762, 2391,
1291, 1294, 1402,
527, 917, 1860,
15, 1939, 1940,
1298, 2040,
276, 611,
1302, 1303,
19, 142,
1309, 1313,
147, 211, 337,
15, 211, 1982,
644, 1318,
761, 1917, 1987,
175, 509, 1984,
96, 1142, 1329,
88, 1271,
15, 88, 479,
1321, 1533,
1323, 1749,
659, 928,
800, 989,
13, 644,
1211, 1333, 2121,
1209, 1246, 1955,
19, 466, 1336,
768, 1337,
1342, 1749,
13, 1952,
88, 761,
426, 2670,
1018, 1952, 2014,
1693, 1940,
432, 1749,
1350, 2347,
56, 1318, 1330,
1183, 1350,
1357, 1693,
399, 1575, 1732,
88, 1350,
732, 1693, 2075,
19, 432,
177, 1371,
13, 812,
88, 517,
211, 421,
1018, 1295, 1379,
118, 381, 990,
175, 448,
19, 381,
159, 1991,
15, 227,
1095, 1371,
150, 2561,
211, 960, 1153,
381, 529, 2209,
96, 426, 1393, 1749,
1246, 2221,
1397, 2346, 2438,
527, 1313,
13, 162,
298, 352, 1400,
793, 1749,
448, 701,
159, 2324,
15, 2167, 2551,
585, 1368, 1986,
177, 298,
13, 1424, 1467,
15, 261, 381,
454, 830, 1914,
275, 1294,
348, 1153, 1745,
1402, 2438,
88, 1872, 1952,
211, 460, 1430,
381, 384, 1431,
479, 1984,
19, 804, 2202,
167, 1995,
1547, 2050, 2670,
841, 1163, 1465,
39, 96, 401,
2244, 2602,
381, 385, 1220,
142, 454, 668, 1299, 1479,
28, 1237, 1440,
118, 1035, 1910,
1444, 1445,
211, 479,
1259, 2670,
31, 1259,
3, 426, 618,
381, 1683,
20, 352, 2022,
800, 1142,
142, 255, 1840,
527, 854, 1462,
1463, 1466,
381, 919, 1749,
177, 714,
1029, 2424,
15, 159,
654, 2351,
1749, 2382,
381, 426, 1484,
15, 211, 332,
1463, 1466,
13, 211, 2121,
870, 871, 1916,
1337, 1486,
159, 432, 1488,
352, 1277, 1693,
273, 479,
800, 899, 1495,
142, 467, 940,
815, 1496, 1954,
854, 1498, 1499,
159, 352,
96, 352,
159, 302, 454, 1749,
210, 678, 904,
177, 1467, 1503,
177, 1507,
426, 2090,
96, 215,
381, 2107,
177, 313, 373,
159, 506,
177, 255,
298, 671, 1513,
1516, 1573,
15, 1443,
15, 1519,
1529, 1531, 1532,
1279, 2312,
19, 550,
1467, 1499, 1537,
175, 1539, 1540,
1542, 1749,
352, 1888,
2468, 2478,
734, 813,
13, 212, 352,
2050, 2542, 2576,
841, 1550,
36, 96, 1141,
13, 211, 377,
20, 2565,
517, 1555,
381, 454,
150, 251, 2552,
19, 381, 1562,
177, 1972,
479, 1142, 1568,
20, 119, 1764,
479, 1462, 1569,
426, 479,
19, 680, 1571,
13, 479,
96, 261,
118, 919, 1479,
13, 208, 1576,
13, 1668,
16, 1151,
177, 2525, 2639,
618, 919,
659, 1595, 1949,
96, 1291, 1598,
15, 761,
89, 440, 1923,
381, 454, 1914,
142, 2438,
13, 1952,
19, 467,
159, 1878,
177, 1959,
421, 1163, 1444,
381, 1479, 2466,
914, 1209, 1872,
142, 381, 2140,
1209, 1227, 1749,
88, 2670,
337, 348, 2425,
479, 1092, 1291,
1259, 1295,
1479, 1612, 2498,
286, 2252,
432, 1615,
381, 1948,
910, 1542, 1749,
142, 1676,
19, 20,
949, 1621,
381, 747,
18, 2426,
19, 462, 2060,
13, 352,
150, 308, 1749,
1431, 1984,
177, 841,
15, 1217,
19, 381, 1365, 1987,
1636, 1709,
440, 603, 1643,
215, 1952,
1489, 1749, 2351,
19, 381, 1066,
19, 1749,
1571, 1649, 1749,
60, 2435,
15, 159, 1651,
96, 2670,
381, 426, 1749,
15, 381, 940,
96, 261,
432, 618,
15, 440, 2525, 2604,
118, 2580,
1669, 1761,
1711, 2604,
440, 479,
119, 467,
13, 215,
152, 381, 395,
28, 936, 1131, 1662,
150, 381, 858, 1323,
352, 1163, 2205,
1259, 1984,
36, 440, 880,
928, 1385,
76, 1911,
352, 1967,
159, 506, 1697,
19, 1643,
436, 2601,
352, 1278,
1952, 2379, 2569,
13, 118, 1440,
358, 381,
229, 1972, 2203,
352, 426, 2404,
159, 432, 1702,
159, 603, 1705,
13, 479,
1333, 1467,
211, 440, 1354, 1949,
1820, 1952,
88, 273,
13, 479,
753, 1598,
381, 2140,
352, 2114,
381, 432, 1749,
352, 1531,
381, 432, 1952,
43, 147, 348, 672, 2349,
159, 431,
454, 732, 1615,
377, 869,
381, 2571,
1285, 1722,
19, 1984, 2164,
137, 208,
13, 120, 1910,
145, 1725, 1726,
177, 1727,
1581, 2482,
479, 1731,
19, 1866,
175, 990, 1734,
1079, 1735, 2114,
454, 1737, 2069, 2664,
96, 139,
928, 1083, 2381, 2616,
19, 1745,
426, 1669, 1748,
19, 43, 379,
60, 725, 1755, 1758,
175, 1143, 1730,
220, 1683,
88, 1765,
197, 1766,
566, 634,
19, 1166,
211, 384, 1775,
451, 678, 928,
13, 1471,
276, 1137, 2551,
2257, 2351,
527, 1805,
80, 2060,
159, 986, 2186,
19, 147, 1550,
142, 1815,
114, 1755, 1816,
211, 1823, 1824,
177, 352, 509, 1826,
150, 522,
1826, 1829, 2060,
509, 986, 2422,
1922, 2260,
13, 521, 1749,
368, 1674,
448, 1749,
696, 738,
261, 460,
426, 1749, 1910,
13, 986,
255, 897,
96, 935,
426, 1851,
1329, 1917,
813, 913, 1745,
15, 1855,
15, 986,
88, 159, 460,
142, 1963,
150, 1494,
944, 1494, 1865, 2060,
1755, 1867,
15, 986, 1465,
88, 986,
36, 1874, 1875,
294, 1333, 1748,
15, 1823,
352, 1882,
1265, 1487, 1882,
65, 1749,
150, 2467,
923, 1941,
910, 986,
368, 1894, 1898,
426, 1749,
509, 986, 1903,
150, 309,
13, 174, 1907,
1343, 2163, 2430,
440, 1142, 2505,
368, 2163,
174, 986,
1043, 1749, 1855,
423, 714, 855,
1801, 1924,
9, 986,
15, 460,
986, 1927,
986, 1929,
19, 618, 765,
986, 1932,
215, 1933,
142, 150,
426, 460,
460, 1938,
210, 986, 1855, 1938,
150, 460, 1236,
871, 1592,
815, 1749,
88, 986, 1947,
986, 1116,
15, 159, 460, 1951,
159, 986,
678, 1938,
352, 1958, 2468,
634, 2163,
159, 986, 1270,
88, 1116,
460, 1962,
13, 1479, 2519,
1964, 1965,
150, 454,
135, 150, 1966,
127, 426,
1305, 2163,
253, 1938, 1973,
986, 2007,
1869, 1981,
142, 454, 2162,
1809, 1986,
1749, 2164,
126, 142,
479, 500, 813, 1762,
160, 2114, 2576,
460, 1998,
13, 215,
986, 1055, 1917,
2011, 2060,
19, 28, 2167,
142, 150, 1758,
96, 986,
96, 1749,
1749, 2371,
211, 1755, 2019,
738, 1749, 2467,
114, 1996, 2117,
114, 986, 2019,
150, 869,
509, 986, 1755,
646, 731, 986,
359, 426,
96, 990, 1744,
159, 678, 986,
15, 114, 159, 531, 2027,
672, 955, 2551,
352, 1397,
426, 454,
880, 2033,
31, 211, 352, 1927,
19, 2494,
170, 1755, 1874,
986, 2035,
440, 531, 1036,
37, 461,
159, 352, 700,
19, 1275, 1748,
15, 159,
255, 1544, 1607, 2172,
13, 261, 2033,
352, 460, 1396, 1744,
448, 1592,
19, 150,
211, 986,
352, 1025,
1636, 1965, 2430,
1855, 2468,
986, 1924, 2061,
89, 986, 1533,
460, 2063, 2670,
88, 292, 529, 986,
183, 2427,
159, 211, 460, 986, 1820,
118, 479,
19, 251, 1151,
177, 2077,
352, 986, 2078,
421, 1749, 2080,
833, 986, 2082,
150, 672,
1717, 1965,
197, 1278,
880, 986,
114, 1816, 2088,
1642, 2060, 2288,
36, 1749,
215, 1532,
124, 986,
96, 2102,
261, 352, 2009,
13, 15, 2577,
88, 986, 2105,
15, 118, 2124,
19, 454,
159, 986,
426, 618, 1740,
88, 261, 1910,
96, 215,
2060, 2118,
2119, 2469,
986, 1212,
986, 2524,
114, 2126, 2449,
352, 986, 1479, 2127,
211, 2019,
96, 1973,
96, 159, 1801,
88, 986, 2135,
426, 1748, 2102,
166, 800,
281, 1931, 2465,
3, 2503,
96, 986,
114, 563, 2144,
150, 2060,
150, 935,
694, 986, 1270,
225, 928,
426, 460,
150, 2551,
1742, 1841, 1938,
13, 990, 2166,
986, 2430,
479, 529,
986, 2169,
19, 1479,
13, 992,
124, 986,
150, 2181,
114, 986, 1910,
986, 1001,
618, 1055,
15, 1639,
1140, 1533,
815, 871, 1982,
454, 460,
113, 509, 986,
32, 460,
123, 334,
255, 986, 1699,
487, 1917,
1740, 2201,
758, 2206,
19, 672,
1228, 1275,
989, 1495, 2212,
1209, 1749,
174, 1749, 1815,
162, 2163,
753, 1010, 1896, 2216, 2219,
96, 177,
119, 159, 2063,
1371, 2225,
672, 813,
19, 672, 1745,
1407, 1841,
460, 2238,
177, 1186,
147, 1734, 1745, 2387, 2422,
368, 565, 2040,
88, 1612,
151, 1403, 2246,
13, 375, 2519,
1590, 1766,
19, 761,
2253, 2254, 2424,
426, 1649, 2246,
19, 440, 1202,
211, 2163,
1281, 1766,
88, 1923,
88, 142, 2246,
426, 1923, 1976,
13, 2238, 2263,
96, 1196, 2264,
142, 2096,
15, 2551,
1169, 2415, 2546,
1595, 2040,
2269, 2536, 2576,
949, 2271, 2272,
96, 813,
88, 96, 440, 949,
13, 529,
19, 815,
150, 2608,
37, 529,
129, 918,
105, 150,
1330, 1644, 2292,
509, 928, 2551,
1176, 1923, 2297,
96, 639, 2271,
1923, 1998,
13, 96,
800, 918, 1170, 1749,
1170, 1958,
1170, 1402, 2306,
19, 150,
159, 2313, 2315,
166, 800,
440, 2318, 2320,
2321, 2323,
19, 2069, 2275,
13, 2321,
96, 1391,
88, 1636, 2326,
2069, 2327, 2329,
211, 844,
800, 2330,
416, 646, 2075,
755, 2331,
19, 119, 426, 1749, 2334,
13, 174,
88, 252,
177, 1798,
646, 1749, 2341,
145, 460, 935,
88, 1923,
159, 2349,
36, 479, 1923, 2219,
261, 1640,
150, 951, 1749,
585, 2137, 2551,
1555, 2352,
19, 672, 2137,
166, 1295,
57, 88, 1923,
99, 426,
13, 2146,
2360, 2364,
1636, 2254,
1035, 2269,
352, 2364, 2373,
1078, 2254, 2377,
2, 1391,
96, 2378,
2381, 2384,
2264, 2385,
527, 2386,
96, 2388,
13, 352, 2372,
2373, 2641,
208, 539,
261, 2455,
517, 2118, 2397,
159, 2641,
2403, 2405,
88, 175, 369, 2397,
197, 460,
1143, 1278,
1322, 1791,
151, 1749,
248, 476, 1946,
19, 2413,
539, 1755, 2415,
150, 2417,
530, 2418, 2430,
82, 426, 2420,
2164, 2423, 2425,
426, 543, 2428,
130, 2429,
1009, 2430,
177, 316, 352, 2433,
522, 804,
13, 2364, 2437,
159, 211, 2433, 2443,
177, 352,
177, 2446,
96, 114,
96, 253,
646, 1894,
37, 758,
458, 672, 2551,
620, 1011, 1677,
426, 509, 986,
96, 880,
13, 96, 2460,
166, 2465,
637, 2551,
13, 2472, 2473,
111, 368, 2476,
368, 2477, 2480,
352, 1562, 1898,
88, 535, 1170,
1484, 2483,
2221, 2484,
352, 2486,
1923, 2060,
1479, 2203, 2483,
2472, 2491,
893, 2075, 2493,
2477, 2495,
19, 672,
172, 1176,
177, 2476,
986, 2472,
1443, 1923,
1749, 2418,
2388, 2501,
1493, 2502,
13, 15, 118, 261,
1555, 1749, 2506,
426, 830, 1990,
20, 1749,
31, 88, 159, 1702,
479, 2280,
19, 1036,
19, 1872, 1984,
19, 151,
2225, 2227, 2512,
37, 352, 506,
19, 672, 905,
88, 2549,
36, 741,
211, 506, 741,
88, 296, 506,
65, 910, 2246,
19, 28, 672,
426, 741, 910,
96, 1923,
911, 1403, 2521,
19, 925,
211, 1749, 1872,
479, 527,
368, 949, 2272, 2306,
19, 2264,
13, 2306,
1048, 1094, 1390,
1486, 1749,
527, 989,
418, 928,
440, 460, 2326,
1636, 1749, 2532,
13, 261,
88, 460, 2537,
13, 211, 2538,
454, 1749, 2327,
36, 640, 910, 1923,
142, 1011,
177, 646, 1798,
13, 255, 2341, 2541,
19, 20, 2319,
460, 706, 1749,
329, 460, 1310,
2264, 2543,
145, 2425, 2438,
426, 440, 2377,
13, 85,
1533, 2364, 2547,
88, 2468, 2551,
20, 454,
527, 1805, 1923,
529, 1596, 1599, 1923,
96, 352, 2389,
2035, 2118, 2557,
426, 2060,
19, 460,
19, 672,
63, 88, 426,
460, 1749,
159, 371,
88, 506, 1933,
88, 2572,
114, 509, 986,
150, 1391,
36, 88, 460, 2577,
1218, 1721,
13, 2372, 2477,
291, 527, 1744,
529, 2581,
211, 529, 2569,
352, 527, 612,
352, 426, 1371,
166, 2588,
409, 1903, 2282,
986, 1727, 1903,
144, 368, 2589,
807, 2590,
1170, 2491,
479, 1025, 2105,
114, 2501,
166, 904, 2598,
426, 1749, 2599,
13, 211, 1872,
14, 88, 500,
96, 426, 2557,
2069, 2327, 2425,
13, 211,
19, 1766,
19, 672,
85, 1749, 1923,
13, 529,
13, 211, 2538,
479, 1007,
96, 2264, 2320,
1263, 1984,
19, 672,
150, 426,
460, 539,
426, 1336, 1760,
448, 755,
19, 381,
19, 1280, 1479,
426, 2633,
36, 1096,
36, 678, 2635,
13, 620, 2638,
13, 426, 2538,
1749, 2146,
460, 1390, 1479,
261, 2388,
19, 1643, 1760,
1595, 2536, 2640,
142, 460, 1011, 1923,
1002, 2230, 2312,
2269, 2643,
171, 2576,
13, 1402,
1533, 1937, 2646,
19, 20, 741,
159, 1393, 2648,
88, 255,
2238, 2321,
88, 2599,
460, 2654,
2306, 2360,
755, 2413,
1923, 2460, 2670,
923, 2304,
2144, 2663,
1143, 1184,
1039, 1755, 2569,
460, 1479, 2667,
96, 1402, 1634,
426, 545, 2668,
88, 1533, 2068,
896, 1364,
177, 1379, 1537,
28, 2659,
672, 1926,
2357, 2678, 2679,
142, 672,
1868, 2579,
672, 804, 2208,
13, 2582,
426, 910, 1749,
678, 2263, 2587,
215, 261,
13, 88, 2306,
228, 1987,
923, 2606,
26, 261, 598,
215, 1923,
1157, 2238, 2430,
454, 935,
88, 1280, 1636,
19, 618, 1275,
479, 1755,
986, 1145,
1305, 1519,
94, 215, 2550,
32, 1083,
2493, 2668,
118, 1770, 2324,
96, 1142, 1752,
939, 1923,
138, 2264,
88, 2364,
19, 2169,
184, 460, 1333,
218, 644,
150, 1749,
96, 255,
426, 2078, 2246,
88, 1841,
19, 1665,
13, 1666, 2313,
88, 96, 1589,
177, 2476, 2535,
19, 1757, 2571,
161, 2423,
679, 1992,
1445, 2425,
88, 159,
20, 479, 2599,
96, 171, 2633,
352, 1029, 1486,
741, 949,
618, 1923,
255, 352, 2360,
618, 1923,
88, 151, 1927,
271, 440, 1923,
426, 460,
274, 278,
460, 506,
114, 426,
1632, 2668,
460, 506, 2468,
76, 887, 2638,
88, 384, 2551,
655, 1095, 2216,
317, 591,
186, 968,
243, 325, 433,
506, 603, 1000,
128, 348, 443,
52, 314,
958, 1042, 1050,
363, 590,
325, 1349,
19, 1745, 2056,
166, 909,
672, 923, 2070,
13, 1800,
197, 460, 1980,
439, 2434,
446, 1643,
337, 761, 802,
3, 150, 452,
325, 928,
142, 461, 1107,
472, 880,
2044, 2293,
150, 815, 930, 1124,
1908, 2338,
211, 479,
19, 1065, 2576,
36, 490,
19, 815, 2256,
90, 501,
19, 923, 957,
3, 643, 761, 2551,
426, 493,
65, 522, 2506,
151, 384, 761,
197, 443, 529,
381, 1749, 1797, 1907,
1735, 2114,
183, 1735,
177, 325, 1325,
13, 554,
1642, 2678,
16, 433, 527,
568, 1029, 2114,
36, 174, 521, 573, 620,
989, 1241,
19, 573, 580,
177, 586, 594, 2418,
36, 96, 599,
672, 1693,
604, 2114,
1140, 1473, 1838,
88, 594, 761,
96, 568,
13, 652, 1877,
426, 627, 1722,
15, 1906,
428, 1777,
19, 1764,
603, 1028,
138, 557,
88, 96, 645,
150, 151, 649,
174, 215, 261,
211, 440,
1722, 1749,
13, 1881,
13, 662, 802,
142, 666, 975,
386, 738,
670, 1762,
211, 1865,
150, 673,
676, 677,
509, 679, 1847,
678, 681,
679, 686,
151, 454, 666,
150, 905, 1841,
967, 1496,
150, 973,
679, 2191,
426, 699,
64, 412, 1030,
151, 381, 723,
381, 454, 723,
2035, 2642,
88, 150, 735,
96, 454, 599,
715, 736,
142, 679,
750, 897, 1744,
454, 2115,
325, 2428,
215, 802,
150, 515, 560,
88, 764, 1467,
465, 509, 766, 1294,
454, 771,
454, 1561,
688, 774, 775, 776,
870, 871, 1029,
782, 783,
3, 88, 142,
509, 986,
147, 1836,
150, 174, 454, 799,
801, 803,
150, 465, 675,
3, 2667,
454, 1513,
150, 820,
3, 594,
19, 150, 1553,
824, 1422, 2430,
492, 828,
53, 831, 1422, 1590,
261, 465,
150, 431, 506,
1249, 1569,
831, 1965,
150, 1513, 1657,
13, 848, 1566,
634, 852, 1965,
634, 856,
863, 1479, 2384,
363, 1735, 1875,
864, 935,
52, 736,
96, 1322, 1562,
588, 872, 2132,
802, 2476,
881, 1735,
454, 501, 886,
454, 1029, 1735,
894, 1295,
898, 1667, 2484,
19, 672,
174, 255,
19, 465, 906,
907, 1748,
28, 151, 271,
175, 1225,
151, 198, 214,
1001, 2040,
174, 1496,
1612, 1829, 2162,
465, 2162,
13, 211,
174, 465, 2417,
150, 460, 1269,
19, 672, 957,
170, 973,
19, 118,
907, 1608, 2023,
907, 1338, 1980,
509, 1001,
36, 440, 898, 1735,
96, 970, 972,
150, 738, 2117,
679, 907, 977, 979,
151, 454, 465, 500,
19, 672,
454, 985, 2118,
13, 977,
465, 996, 1263,
19, 683, 1008,
255, 454, 1017,
150, 1516, 2351,
36, 150, 1030,
19, 672,
2430, 2476,
465, 1041, 1045,
824, 970,
381, 426, 1057, 2011,
1473, 1865,
9, 1064,
174, 907,
381, 440, 923,
150, 454, 2056,
1077, 2162,
118, 150,
672, 2496,
211, 369, 1818,
150, 465, 1090,
96, 215, 1157,
465, 907,
1769, 2250,
527, 1101,
426, 465, 1110,
426, 454, 723, 985,
150, 2435,
465, 1112, 1219,
670, 1050,
594, 1072, 1114,
19, 150, 465,
73, 1134,
854, 2678,
88, 159, 454, 465,
150, 381,
454, 907,
761, 2629,
150, 426, 454, 1154,
150, 215,
63, 1164, 2422,
142, 454, 465, 967,
119, 2101,
36, 454, 460, 761, 1167,
381, 465,
150, 381, 454,
1029, 2415, 2483,
1178, 1402,
36, 460, 1190, 1194,
670, 1199, 2207,
36, 159, 1178, 1199,
1095, 1203,
1190, 1206,
594, 736,
732, 1001,
1221, 2678,
177, 1230, 1769,
1231, 2319,
150, 159, 923, 1305, 2111,
211, 1241, 2638,
211, 506,
585, 672, 712, 1861,
150, 815,
1248, 1253, 2476,
678, 1154, 2162,
437, 686,
1190, 1818,
150, 360,
506, 1735, 2429,
1213, 1272,
352, 1274, 1283,
381, 506, 1090,
36, 118, 2288,
151, 1090,
151, 454, 1288,
1290, 1735,
1221, 1301, 1306,
88, 565, 1190,
274, 982, 1311,
19, 500, 672,
88, 454, 1290,
166, 1064, 1324,
215, 950,
1331, 1722,
479, 554,
166, 1295, 2118,
529, 565, 833,
36, 198, 573,
88, 586, 1273,
824, 946,
177, 460, 465, 1346,
159, 620,
460, 973, 1390,
217, 465,
679, 681,
150, 1356, 1749,
359, 1390, 2332,
620, 1029, 1136,
159, 679, 1050,
692, 699,
19, 40, 150,
19, 560, 1365,
177, 802,
88, 460, 1362,
60, 150, 454, 1363, 2542,
2329, 2358,
917, 1346, 1735,
215, 894,
96, 529,
150, 1367,
454, 1029, 2418,
1368, 1809,
381, 1900,
426, 465, 1375,
150, 913, 2040,
863, 1376, 1378, 1937,
211, 527, 1029,
64, 281, 384,
11, 329,
53, 1388,
175, 215, 797, 1011,
211, 215, 460, 465, 1766,
19, 174,
465, 506,
261, 465,
454, 886, 2384,
454, 907, 1378,
465, 1370, 1667,
460, 465, 907,
426, 454,
36, 118, 1036,
407, 448, 1240,
88, 460, 779,
150, 211, 1414,
460, 1380,
150, 1417,
88, 142, 1077,
898, 1319,
255, 1423,
401, 792, 1423,
3, 118,
142, 1001, 1391,
170, 1683,
211, 352, 509,
761, 1428, 1429,
352, 678,
1470, 2293,
529, 1818,
150, 1442, 1818,
211, 352, 1448, 1450,
381, 465, 1190,
150, 1311, 2527,
381, 426, 1455,
170, 1457,
460, 764, 1072,
1460, 1469, 1940,
1295, 1378,
1194, 2088,
88, 1448, 1478, 2319,
150, 465, 1378,
118, 381, 1481,
19, 150,
815, 1375, 1378,
1072, 1485, 1489,
94, 215,
150, 707, 2033,
150, 1497,
454, 1502, 1509,
1809, 1986,
150, 907, 2011,
421, 509,
211, 1478, 1510,
352, 1158, 1749,
261, 506, 1015,
421, 506,
36, 381, 460, 506, 1945,
166, 1164, 1324,
19, 44, 529,
40, 88, 678, 1735,
1662, 1841,
159, 490, 1722,
218, 1048, 1515,
3, 1011, 1430,
381, 1749,
13, 1042, 1534,
529, 679, 1534, 2424,
251, 2274, 2552,
1541, 2318,
36, 352, 479, 1402, 1720, 2162, 2250,
13, 1948,
13, 679, 1546,
37, 2005,
13, 88, 261, 985,
454, 679, 1551, 1749,
40, 1090, 2162,
381, 465,
36, 1986,
454, 2422,
211, 1600,
672, 1900,
454, 1572,
13, 1578, 2162,
454, 1851,
359, 426, 1657,
13, 1092,
19, 672, 815, 1353,
454, 479, 1872,
255, 1735,
215, 620,
159, 381, 1378,
1587, 2129, 2427,
142, 381, 2543,
426, 1748,
1594, 1722,
679, 1496,
215, 479,
426, 454, 620,
454, 594, 1605, 1606,
36, 40, 907,
245, 255,
142, 147, 1608,
174, 465, 907,
13, 96, 1524,
426, 1090, 1610,
88, 828, 1829,
96, 644, 2572,
1614, 2461,
1199, 1616,
174, 1619,
1657, 1748,
261, 2206,
150, 454,
1638, 2370,
774, 1630,
1637, 2288,
766, 1261, 1630,
736, 1428,
88, 1650, 2310,
479, 1496,
150, 426,
426, 985, 1513,
1027, 1422, 1658,
1376, 1660,
783, 802,
907, 2547,
1668, 1671,
52, 1675,
177, 313, 2476,
119, 1338,
1338, 1780,
119, 465, 907,
426, 1681, 1748,
36, 381, 465,
1295, 1769,
865, 915, 1865,
16, 1190, 1510, 1690,
19, 1124,
679, 1274, 1503,
261, 421, 479, 1695,
986, 1875,
833, 1916, 2476,
13, 215, 1698,
118, 174, 2665,
454, 620,
506, 2033,
96, 454,
96, 150,
211, 761, 1829,
462, 1706,
654, 1131,
465, 506,
469, 852,
465, 1003, 1417,
465, 1703,
118, 150,
150, 465,
1392, 1475,
118, 2409, 2488,
799, 1502, 1694,
118, 479,
150, 2011,
1578, 1590, 1719,
215, 1721,
36, 904, 1481,
215, 465,
381, 454, 2246,
1273, 2665,
465, 551,
215, 465, 1837,
150, 1729, 2046,
53, 803, 1732,
150, 1229, 1513,
150, 649, 761,
506, 2675,
465, 802, 1650,
255, 1295, 1736,
148, 1665, 1739,
19, 440, 1607,
88, 2111,
88, 465,
352, 509, 852,
454, 907, 1551,
672, 1607, 2663,
188, 1112,
670, 2162,
28, 1640,
88, 352, 2530,
13, 479, 1979,
261, 454, 565,
19, 174, 506,
261, 454, 706,
1029, 2480,
2142, 2351, 2551,
1467, 2678,
381, 1048,
36, 369, 594,
36, 96, 261, 1786,
215, 511, 1533,
454, 1722, 2011,
13, 40,
9, 594, 1795, 2162,
151, 2162,
465, 1448,
545, 907, 1808,
40, 150,
159, 990,
465, 761,
96, 1762,
1722, 1735,
357, 454, 2607,
137, 174, 454, 2011,
852, 1839,
618, 907,
1368, 2635,
147, 381, 1362, 1719, 1844,
381, 1749, 1948,
1845, 1848,
115, 147, 846,
19, 147,
150, 1448, 1951,
1164, 1397, 1554,
150, 554, 1650,
97, 118, 440,
246, 1706,
19, 581, 923,
144, 1083, 2428,
1886, 1887, 1889, 2282,
986, 1899, 2330,
1821, 2486,
9, 185, 262, 307, 1326, 1819, 1905, 2282, 2453, 2553,
65, 185, 396, 775, 1467, 1887, 1919, 1921, 1925, 2282, 2654,
1930, 2043,
150, 1934, 1935,
150, 2387,
3, 443, 2319,
476, 1946, 1950,
147, 150,
926, 1749,
331, 446, 1998,
149, 979, 1773,
150, 2260,
11, 322, 1094,
28, 923, 2370,
1042, 1083, 1992,
594, 708, 1997,
1482, 1938,
352, 986,
802, 1875, 2000,
65, 88, 426,
594, 662, 1539,
802, 1127, 1572,
802, 2007,
509, 986, 1938,
15, 2428,
986, 1749, 2017,
1203, 1749,
114, 986,
215, 1855, 2025,
1181, 1513,
96, 170,
460, 594, 2026,
150, 1749,
487, 1594,
352, 1094, 1948,
96, 460, 691, 2032,
258, 1736,
352, 691,
1829, 1899, 2032,
177, 319, 2162,
2032, 2039,
1324, 2039, 2162,
211, 2042,
1875, 2053, 2675,
479, 718, 1801, 1952, 2162,
479, 2162, 2624,
252, 2446,
88, 1899,
369, 594, 986,
331, 1749,
594, 1094,
211, 2605,
631, 1413, 2159,
159, 460, 1402, 1872,
114, 675, 1755, 2065,
421, 910,
215, 460, 2111,
986, 2162,
352, 2162,
352, 1875, 2171,
96, 736, 2025, 2162,
755, 2076,
9, 1952,
142, 869, 944,
261, 691, 1513,
276, 1219,
691, 2085, 2114,
150, 675,
114, 645, 2002,
96, 256, 460,
527, 585,
605, 2099,
13, 198, 1952,
1749, 2053,
1667, 1965, 2003,
3, 150,
594, 986, 2108,
114, 768, 986, 1875, 2120,
263, 352, 2128,
862, 986, 2099,
2032, 2099,
150, 594,
472, 2143, 2675,
614, 1552,
96, 2605,
133, 1755,
112, 2032, 2042,
428, 2152,
159, 428,
142, 2160,
986, 1642,
177, 2165,
594, 2032, 2165,
448, 986, 2170,
142, 460, 1997,
1566, 2165, 2372,
159, 1749, 2495,
2032, 2114, 2179,
12, 1001,
672, 1533, 1640, 2551,
88, 150, 174,
644, 856, 872, 2115,
870, 2032, 2101,
1057, 1513,
955, 2671,
986, 2118,
142, 460, 732,
1495, 1722, 1875,
1722, 1930,
88, 150, 2200,
261, 381, 1765,
479, 2162,
150, 2210,
506, 1735,
88, 159,
150, 618, 1493, 1719,
1722, 2102, 2228,
88, 2162,
594, 867, 2324,
1881, 2032,
159, 543, 1495,
96, 1351, 2235,
150, 2162,
150, 1513, 1722, 1911,
946, 2114,
88, 150,
401, 436, 802, 986,
88, 1488, 2451,
813, 1402,
460, 986, 2243,
211, 352, 367,
170, 317, 352,
986, 1001,
352, 1513,
215, 1011, 1872,
1025, 1295, 1769,
150, 1315, 1948,
148, 150, 446,
255, 292, 594,
2053, 2675,
990, 1094, 2026,
1094, 2162,
159, 1854,
2, 446,
150, 151,
13, 211, 509,
132, 159, 460,
150, 197, 2026,
142, 594, 1734,
368, 986,
183, 261, 1396, 2088,
13, 1124, 2265,
183, 460, 565, 1903,
177, 986,
3, 2179, 2675,
802, 1616, 2495,
460, 2032,
594, 2108,
426, 1181,
150, 1008, 1249,
381, 460, 1402,
150, 1124,
88, 802, 2569,
352, 460, 1927,
214, 594, 946,
3, 529,
142, 1998, 2115, 2279,
36, 1008, 1749,
150, 815,
3, 872, 2224,
28, 381, 2499,
460, 1566, 1722, 2011,
481, 1295,
36, 358, 1011,
88, 159,
142, 2162,
594, 1848, 2480,
13, 986, 1872,
159, 352, 421,
66, 114, 352,
620, 986, 2026,
989, 2425,
215, 509, 986,
211, 1011, 2421,
2143, 2425,
479, 1396, 2032,
1749, 2088,
13, 36, 381,
782, 2316,
479, 678, 1775,
990, 1450, 1722,
150, 1722, 2325,
1722, 1734, 1749,
13, 96, 1698,
159, 440, 479, 697,
986, 1097, 2235,
913, 1566, 1722,
150, 935, 2160,
57, 96, 1331,
177, 313, 383,
1368, 2635,
1142, 1581,
358, 421, 986,
2162, 2569,
150, 1513, 1966,
150, 466,
150, 460, 2353,
326, 1851, 1917,
3, 601, 2354,
15, 1899,
691, 2356, 2678,
114, 2032,
986, 2032,
36, 479,
384, 1521, 2260,
554, 986,
150, 869,
761, 1113, 2315,
9, 13, 460, 986,
620, 815, 2392,
479, 594,
252, 880, 986, 2087, 2162, 2163,
166, 670, 1903,
36, 986,
211, 1011, 1966,
986, 2032, 2316,
150, 347,
13, 1581,
1578, 2665,
1719, 1749, 2327,
150, 1719, 1872,
36, 620,
1479, 1657,
15, 426,
142, 448, 2279,
177, 986,
177, 1535, 1581,
211, 1690, 2042,
150, 460, 744, 1118, 2440,
135, 159, 986, 2163,
368, 460, 2445,
215, 594, 2667,
986, 2032, 2176,
2163, 2437,
509, 986, 2075,
19, 454, 1479,
96, 1981, 2162,
1749, 2452,
166, 1749,
529, 1402,
1870, 2403, 2428,
1706, 1888,
529, 1698, 2162,
132, 150, 2032,
352, 1690, 1903,
1572, 2317, 2471,
802, 1755, 1770,
3, 858,
36, 421, 460,
527, 2163, 2589,
1365, 2032,
460, 2032,
36, 1249, 1275,
368, 594, 2667,
381, 454, 1489,
454, 2490,
381, 2175, 2440,
673, 1637, 1693,
150, 600, 1502,
454, 465,
150, 907, 1030,
19, 1749,
150, 465, 627,
1283, 1301, 1693,
1693, 1749,
150, 465, 1312,
19, 506, 2500,
88, 2504, 2508,
2327, 2509,
465, 2592,
506, 923,
1635, 2514,
1614, 1735, 2507,
150, 634, 2162, 2516,
1301, 2152,
13, 210, 2518,
151, 1749,
88, 2518,
1688, 1922,
19, 379, 2551,
985, 1749, 2384,
19, 147,
255, 2539,
176, 656, 1735,
2032, 2509,
1001, 2162,
19, 147,
118, 989,
460, 574,
1283, 1301, 2162, 2567, 2669,
142, 454,
465, 1030,
96, 1693, 2573,
159, 1001,
479, 1693,
2064, 2551,
177, 1735,
640, 838, 1452,
838, 2157,
88, 255,
19, 2543,
177, 1896,
1479, 2266, 2551,
96, 2065, 2597,
1283, 1301, 2595,
16, 1932,
88, 479, 2597,
16, 421, 2405,
451, 2591,
150, 675,
150, 454,
870, 2572, 2616,
159, 2617,
174, 421, 1041, 1312,
2422, 2627,
88, 150,
586, 1295,
1012, 1090, 2678,
1114, 1193, 2632,
88, 695, 761,
150, 341, 820,
19, 384,
88, 678,
19, 421, 1312, 2652,
454, 1749,
151, 967,
802, 2579,
211, 421, 631, 2659,
19, 1012, 2666,
465, 2671,
426, 454,
727, 913,
1301, 1563, 2671,
150, 359,
38, 96, 159,
469, 1917, 2292,
1887, 2597, 2638,
492, 1295,
1749, 2671,
58, 60, 664,
711, 1101,
465, 871,
78, 2212,
419, 804, 1298,
19, 1762, 2436,
13, 506,
20, 506, 1738,
108, 121, 349,
159, 569,
479, 967,
19, 2425,
150, 989,
150, 224,
96, 225,
19, 884, 1312,
448, 2539,
64, 235,
754, 2581,
250, 1889,
88, 260, 1587,
2351, 2459,
266, 487,
574, 866, 880,
19, 1762, 2202,
16, 2671,
142, 1206, 1312,
142, 479, 1681,
1085, 1841, 2031,
13, 465,
197, 381, 454, 1312, 1367,
261, 1194,
421, 454, 870, 2128,
465, 1196, 2003,
19, 142, 454, 553,
479, 1231,
118, 132, 465,
479, 2507,
454, 465, 1400,
88, 479, 1402,
119, 235, 1681, 2361,
211, 335, 1872,
1190, 2490,
352, 678, 2356,
19, 118, 1643,
150, 338, 1312,
633, 1190, 2518,
281, 583, 874,
151, 1509, 2162,
426, 460, 1786,
13, 96, 1636,
198, 1563, 1599, 2032,
159, 2551,
13, 476, 1950,
358, 1375,
88, 792, 1612,
426, 832,
58, 60, 2567,
13, 255,
1525, 1947,
372, 454,
387, 479, 2032,
352, 1762, 2268,
159, 255, 338,
2, 3, 175,
255, 889, 2157,
175, 454, 1029,
2293, 2671,
259, 1872, 2518,
211, 1312, 1342,
142, 150, 2436,
211, 1094,
96, 261, 1326,
19, 1497,
255, 990,
1739, 2117,
96, 990,
381, 454, 2072,
19, 464, 1749,
159, 440, 854, 1090,
177, 1307,
935, 1084,
481, 678, 990,
150, 372, 1776,
13, 211, 1033,
224, 454,
1068, 1887, 2622,
381, 454,
372, 381, 1969,
215, 387, 479,
19, 454,
13, 421,
96, 511,
381, 454, 518,
19, 119, 1934,
13, 656,
13, 421,
528, 548, 556, 558, 972, 1035, 1079, 1467,
112, 2629,
370, 578, 1390,
602, 2425,
352, 928,
409, 778, 2274,
479, 800, 1151,
685, 1703,
118, 381, 1782,
64, 1859,
636, 979,
421, 479,
351, 1516,
88, 118, 2608,
687, 690,
3, 150, 151,
337, 418, 509,
703, 1337,
19, 1547, 1657, 1669,
31, 747,
717, 1789,
43, 2642,
211, 304, 1929,
150, 752, 1020, 2626,
228, 763,
1085, 2351,
11, 2031,
150, 384, 789,
197, 791,
88, 96, 2031,
259, 821,
13, 261,
118, 843, 2569,
1028, 1045,
757, 1142,
119, 861,
19, 1678, 1745,
215, 511, 917,
900, 2344, 2595,
205, 727,
1507, 1919,
137, 211,
912, 2579,
19, 672, 832,
34, 934,
1368, 1986,
19, 672,
672, 1544,
37, 198, 1422,
925, 1745, 2551,
969, 988,
297, 381, 625, 1038, 1649,
524, 678, 2428,
150, 255, 1609,
1069, 2192,
19, 672, 2610,
1088, 1869,
624, 672, 2351,
1111, 1309,
558, 1964,
59, 150, 454, 465,
177, 1158,
15, 211,
440, 979,
558, 1139, 1144,
636, 1147, 1151,
1162, 1337,
660, 2351, 2627,
864, 1563,
558, 1174, 1185, 1198,
1208, 1210,
96, 399, 636,
19, 460, 1215,
150, 1216, 1984,
348, 1224,
96, 177, 558, 1238,
381, 454,
678, 768,
703, 959,
142, 1245, 1657,
558, 2425,
1210, 1215, 1309,
88, 150, 1651,
1198, 1256, 1257, 1964,
603, 1256, 1829,
177, 1147,
1142, 1266, 1284,
150, 369, 604,
1088, 1289,
547, 1184,
1320, 2532,
88, 1155,
1284, 1339,
1245, 1344,
13, 118, 1348, 1349,
426, 1339, 1657,
118, 440,
507, 678, 1360,
150, 1931,
13, 1495,
19, 44, 142,
1027, 1030,
139, 604,
150, 2135, 2595,
527, 1386, 2502,
1392, 2429,
19, 672, 1861, 2551,
1392, 1404, 2524,
19, 28,
800, 1867,
1411, 1415, 2502,
159, 1142, 1419, 1421,
558, 1426, 1427,
1432, 1803, 2201,
269, 2198,
800, 1411,
1411, 1427, 1438, 1451,
150, 1769, 2265,
1411, 1471,
558, 1197,
352, 636, 1752,
96, 1483,
150, 1411,
142, 1806,
44, 1749,
150, 1234, 1411,
527, 1512,
831, 1535, 2445,
381, 672, 1745,
1964, 2605,
988, 1549,
672, 813, 2082,
814, 1559,
19, 381, 937,
648, 1918,
14, 2319,
1583, 1745,
88, 602,
177, 1411,
381, 754,
19, 672,
383, 1604,
142, 1411,
106, 150, 381,
409, 1289, 1609,
583, 815, 874, 1245,
576, 761, 1323, 1611,
19, 381, 454, 754,
440, 1618, 1620,
147, 672,
369, 383, 1139,
211, 1139, 1628,
481, 976, 1631,
1111, 1344, 1648,
142, 1749,
1245, 1659,
1210, 1661, 1662, 2595,
150, 1664, 1678,
16, 88, 211, 381,
678, 2484,
215, 800, 1680,
151, 2293,
1289, 1686,
88, 636,
88, 1498, 1692,
215, 802,
211, 215,
632, 1411, 1697, 2502,
142, 1189, 1243,
996, 1411, 2281,
151, 1234, 1339,
211, 754,
1083, 2386,
177, 1111, 2431,
1368, 1986,
88, 211, 490,
880, 1150,
672, 1745, 2222,
88, 1661,
159, 381, 1419,
381, 1244, 1723,
603, 1258,
19, 832,
1554, 2545,
1003, 2265,
1411, 1741,
1673, 2030,
261, 1746,
142, 151, 2532,
211, 506, 1581,
151, 1245, 2452, 2569,
923, 1581, 2028,
13, 215, 421,
381, 1763, 1765,
19, 147, 771,
440, 1619,
88, 337,
381, 384, 762, 1749,
1745, 2070,
290, 1422, 1788,
1398, 1804, 1807,
1814, 2172,
159, 421,
2504, 2642,
215, 2671,
118, 182, 1749,
1849, 1850,
1164, 1856, 2545,
316, 2545,
177, 1238, 1906,
426, 1657,
782, 2671,
11, 1360, 2253,
1110, 1160, 1863,
255, 2658,
19, 672,
479, 1884,
802, 1893,
783, 1893,
1466, 1913,
15, 1019, 1814,
150, 1541,
159, 800,
19, 672,
1398, 1666, 2545,
1661, 2595,
15, 215,
19, 119, 1934,
1769, 1850,
381, 1749, 2210,
800, 1422,
19, 1576, 2551,
1804, 1841, 2319,
112, 1988,
1841, 1988,
381, 2619,
19, 460,
1593, 1891, 2671,
359, 2016, 2141,
96, 171, 2671,
1126, 2021,
88, 211,
672, 1473,
1370, 2036,
13, 1469, 2037,
278, 556, 2038,
88, 2048,
508, 2141,
203, 558, 1367, 1661,
31, 580, 880,
19, 672,
1986, 2671,
1032, 1829, 2595,
142, 224, 2070,
384, 421,
813, 1060, 1840,
381, 2093, 2671,
88, 384, 2038, 2094, 2100,
2094, 2612,
2104, 2524,
2049, 2104, 2110,
150, 1908, 1944,
20, 529, 578, 2137,
426, 558, 2138,
1693, 2139,
381, 815, 1749, 2149,
1693, 2150,
1019, 2154,
151, 381, 1018,
479, 500, 2158,
506, 2020, 2671,
13, 1035, 1561, 2126,
460, 1035,
1310, 2005,
159, 2417,
381, 440, 1749,
175, 469, 1789,
20, 1934, 2184,
28, 150,
1765, 2100, 2671,
1249, 1765, 2150,
440, 2139, 2190,
19, 381, 2195,
147, 1717,
142, 2425,
352, 2204, 2648,
159, 2425,
150, 381, 1181,
150, 953, 2214,
150, 2215, 2500,
88, 2139,
16, 177, 509,
527, 2671,
150, 935,
540, 2239,
261, 440, 1629,
800, 1749, 2242,
381, 1657, 1749, 1934,
159, 416, 2248,
19, 20, 1628,
60, 2249,
1452, 1662, 2615,
142, 1765,
150, 721,
19, 672,
150, 2215, 2261,
261, 756,
558, 2267,
1398, 2534,
1142, 2276,
815, 1749,
13, 454, 761,
19, 657, 2551,
96, 756,
1398, 2042,
1841, 2299,
1921, 2299,
527, 1991,
88, 754,
215, 1765,
506, 2502,
383, 1241, 2333,
96, 2333,
88, 1841, 2588,
96, 2333,
2040, 2354,
1549, 2342,
211, 1693,
1194, 1351,
96, 1470,
1295, 2376,
2187, 2662,
150, 522,
558, 594, 2394,
415, 2396, 2595,
19, 2551,
211, 381, 500, 529,
21, 703,
88, 634, 2407, 2648,
558, 2042, 2410,
352, 862, 1618,
352, 1467, 2267,
440, 753, 1026,
88, 2432,
13, 2444,
372, 381, 454,
460, 2333,
335, 460, 522, 2267, 2545,
39, 1295,
522, 1683, 2454,
2333, 2458, 2459,
460, 1906,
261, 440,
150, 2528,
440, 2481,
19, 657, 672, 2551,
142, 150,
1421, 1424,
13, 255,
215, 1581,
2452, 2513,
150, 345,
703, 2515,
150, 1249, 1659, 2522,
1329, 2515,
88, 1435, 2615,
454, 1069,
299, 454, 1485,
36, 439, 2617,
759, 1415,
19, 151, 381, 454,
151, 454,
20, 118, 150, 2531,
1741, 1762, 1765, 2671,
1688, 2546,
215, 585,
1466, 2560,
1162, 1749,
1669, 1804, 2566, 2611,
175, 384, 1765,
19, 1749, 2184,
150, 1080,
150, 151,
177, 558,
88, 2595,
142, 348, 452,
946, 2428,
704, 1749,
527, 2671,
159, 522, 1891, 2594,
13, 146, 215,
88, 159, 1749, 1884, 2093,
440, 2481,
620, 1351, 2603,
261, 352, 1035, 2407,
1144, 1533, 1765,
953, 1765,
19, 1765, 2055,
142, 1765,
1765, 2594,
454, 1765,
381, 1765,
2052, 2253,
747, 1460,
159, 384, 2036, 2614,
255, 2620,
381, 2499, 2551,
19, 2066,
20, 150, 2208,
2030, 2565,
1295, 1856,
237, 1113, 2644,
16, 1194, 1257,
19, 381, 460, 1726,
1398, 1469, 1884,
177, 215, 291,
421, 620,
96, 2671,
88, 211, 2430, 2656,
159, 1620,
460, 535, 1749,
88, 211,
118, 421,
782, 901, 2606,
460, 540,
1749, 2430,
19, 465, 2473,
815, 1749,
159, 2037, 2371,
151, 2016,
177, 666, 2671,
527, 2671,
150, 197, 381,
74, 381, 2671,
1032, 1829, 2648,
13, 421,
175, 2154,
1079, 1204, 2675,
88, 2524, 2648,
426, 984, 2502,
440, 1325, 2604,
13, 384, 631,
215, 376,
1749, 2671,
205, 215, 2094,
215, 2671,
118, 678,
674, 1398, 1891,
175, 215, 861,
166, 540, 616, 800,
211, 1402,
967, 1063, 1314,
19, 151, 195,
222, 1765,
150, 1398, 2248,
381, 2276,
1194, 1241, 1402,
96, 666,
151, 1786,
59, 232, 522,
529, 1533,
16, 1549, 2187,
736, 2638,
177, 377, 1693,
150, 1749, 2215,
2376, 2432,
265, 2333, 2524,
150, 270, 2396,
11, 159, 364,
454, 1208,
270, 454, 1987,
19, 1734, 2425,
36, 211, 806,
381, 832, 2293,
211, 479,
19, 1309,
454, 465, 1781,
321, 620, 1640,
349, 1115, 1807,
19, 151, 2537,
177, 2522,
177, 2342,
1017, 1045, 1749,
953, 1749, 1927,
211, 1031, 1549,
215, 358,
527, 2671,
527, 703, 2671,
88, 350, 656,
355, 802, 1142,
28, 381, 761,
159, 1029,
36, 1579, 1833,
417, 2195,
159, 376, 1765,
185, 1699,
381, 454,
255, 1289, 1661,
814, 1295,
14, 273, 1291,
1337, 1398, 2228,
118, 460, 720,
211, 802,
211, 381,
921, 2049, 2104, 2261,
479, 743, 1142,
270, 460, 754,
594, 1147, 2620,
1661, 2648,
1838, 1877,
88, 880, 1829,
118, 151, 457,
150, 1623, 1749,
215, 440, 1765, 2614,
421, 527,
474, 779,
211, 291, 337,
418, 2348,
88, 2494, 2551,
519, 1142,
1019, 1495,
802, 1538,
147, 151, 525,
211, 426, 2290,
15, 2290,
754, 1479, 1533,
620, 1952,
118, 381, 2032,
1266, 1295,
421, 1402,
365, 2157,
990, 2573,
13, 215, 2495,
151, 381, 618,
19, 1090, 2032,
32, 635,
151, 381, 1288,
151, 2293,
88, 261, 2646,
88, 421,
19, 147, 2160,
150, 381, 1749,
142, 913,
205, 465, 1605,
1605, 2293,
635, 1693, 2616,
352, 527,
150, 1320, 2117, 2149,
2117, 2327,
2064, 2551,
1167, 1397, 2159,
678, 822, 2551,
119, 150,
15, 484, 1643,
2449, 2671,
460, 1249, 2492,
1249, 1641,
605, 1080,
16, 527, 729,
19, 460, 2666,
13, 1104, 2021,
352, 381, 1041,
88, 1080, 1306,
150, 381, 2520,
88, 2594,
1080, 1921,
96, 1841,
772, 779,
778, 1083,
1083, 2648,
802, 1083, 1398,
96, 1398,
118, 211, 527,
1850, 2671,
261, 454, 1795,
159, 211, 1695,
16, 151,
281, 772,
13, 16, 421,
855, 1841, 1891,
868, 1841, 2449,
384, 2678,
19, 500, 2551,
479, 2671,
381, 935, 2671,
13, 1398,
150, 675,
255, 1288, 2422,
96, 880,
151, 1080,
150, 381,
673, 936, 2024,
1083, 1308,
330, 540, 1083,
19, 476,
15, 605,
421, 1891,
509, 990, 1398,
381, 946, 1288,
1696, 1708, 2674,
88, 460, 1201,
96, 319,
1398, 1749,
15, 159,
1208, 1398,
522, 1611, 1872,
19, 2551,
328, 421, 681,
678, 1092,
19, 40,
868, 1098, 1123,
479, 1018, 2158,
466, 1749,
15, 833,
13, 16, 940,
171, 479,
1906, 2671,
151, 746,
381, 454,
1232, 1749,
14, 215, 2100,
678, 1239,
1673, 1749,
96, 1891,
1254, 1363,
352, 1879,
62, 1559,
96, 1891,
1317, 1727,
119, 381, 1234,
150, 381, 1249,
149, 381, 454,
19, 337, 816,
151, 460, 1358,
1104, 1359, 1398,
802, 1123, 1905,
20, 880,
88, 1017, 2293,
426, 1588,
159, 421, 1563, 2225,
174, 1372,
250, 2632,
215, 421, 1698,
1096, 1368,
13, 150, 1442,
96, 448,
1804, 2566,
421, 1080,
88, 352, 1091,
1398, 1406, 1841,
19, 381, 1096,
1208, 1407,
406, 1804, 1841,
527, 678, 1289,
460, 1083, 1516,
150, 1723,
124, 1295, 1761,
421, 479,
225, 1295, 1749,
454, 2166,
96, 211, 648, 1142,
13, 834, 1235,
19, 118, 381,
421, 848,
889, 1749,
678, 776, 2671,
221, 479, 2671,
19, 241, 672, 2551,
150, 746,
13, 2434, 2560,
1098, 1154, 1841,
946, 2640,
151, 2076,
96, 1613,
13, 1557, 1693,
421, 1479, 1751, 1863,
32, 440, 569,
150, 2059,
118, 159, 2573,
462, 2329, 2606,
460, 999,
96, 1171,
13, 177, 1509,
88, 565, 594,
678, 1661,
14, 1098, 1443,
159, 421, 509, 529,
1146, 1580, 1772,
460, 1359, 1398,
381, 2101,
211, 479, 940,
13, 940, 2059,
19, 460,
64, 439,
36, 506, 1027,
149, 454,
142, 2021,
1731, 1979,
19, 147,
211, 1142, 1581,
6, 1249,
1605, 1625, 2286,
633, 1682,
211, 2419,
88, 352,
215, 1701, 2155,
211, 1581, 1704,
215, 421, 1201,
147, 1707, 1745,
150, 712, 930,
147, 1358, 1745,
151, 1713,
1013, 1714, 1745,
88, 1691,
88, 989, 1716,
623, 654,
177, 1470, 2207,
921, 2489,
479, 678,
1691, 1745,
1714, 1745,
261, 1696,
19, 500, 2293,
1745, 2214, 2461,
36, 88,
22, 800,
940, 2001,
2404, 2650,
88, 1398,
1965, 2551, 2610,
88, 1704,
79, 2428,
15, 215,
54, 802, 1860,
151, 1749,
151, 1041, 1693,
150, 967, 2461,
88, 1873, 2137,
36, 880, 1876,
88, 815, 1885,
177, 1909,
177, 1653,
88, 147, 2137,
800, 1941,
479, 1124,
215, 1557, 2671,
460, 1863,
368, 1863,
381, 479, 1581,
19, 1975,
1151, 2155,
96, 211, 1035,
147, 151,
1745, 1885,
166, 2461,
261, 479,
2018, 2461,
211, 994, 1479,
1035, 1965, 2041,
159, 1030,
19, 815,
1035, 1691,
337, 1060, 1900,
88, 151,
15, 151, 2083,
440, 919, 1745,
550, 2086,
1029, 1339,
88, 522,
1035, 1391, 1789, 1873,
13, 2318,
159, 1664,
177, 837,
923, 1357, 2168,
1869, 1969,
786, 2289,
1789, 2146,
815, 1391,
177, 325, 2370,
147, 151, 857,
672, 1124,
1252, 1946,
15, 1027, 2570,
136, 1333,
933, 2353,
96, 2251,
1033, 2123,
440, 479, 2255,
215, 440, 1402,
147, 174, 2257,
761, 1704,
88, 215,
150, 789, 1029,
166, 2404,
32, 223, 877,
88, 628, 2119,
448, 2605,
159, 479, 1693,
88, 415,
258, 509, 2291,
1295, 2095,
137, 147,
147, 1699,
36, 2304,
1873, 2449,
147, 151,
1391, 1903, 2309,
1691, 1745, 1885,
460, 1691,
479, 1935,
151, 1749,
88, 799, 2340,
440, 506, 2350,
672, 787, 2017,
19, 1012, 1568,
211, 1691, 2355,
172, 1006, 1525,
88, 233, 440,
16, 1427, 2674,
19, 1627, 1691,
261, 1035,
151, 1745,
1960, 2398,
36, 1691,
787, 788,
16, 34, 1427,
88, 695, 1316,
151, 1664, 2450,
108, 2531,
2095, 2471, 2551, 2556,
16, 96,
36, 96, 440, 2474,
2318, 2482,
1013, 2109,
215, 2494, 2496,
479, 2351,
177, 1035, 1386,
13, 325,
2155, 2517,
14, 15, 2485,
2005, 2416,
14, 1216, 2526,
5, 920, 2533,
147, 150, 1267,
1426, 2563,
19, 948, 1362,
159, 351, 479, 800, 2578, 2584,
672, 1137, 1738, 2471,
813, 2561,
2445, 2671,
119, 197, 698,
177, 325, 593,
23, 1521, 2425,
19, 1119, 1657,
88, 821,
19, 90, 2627,
215, 1907, 2318,
118, 1470,
90, 405, 1035,
1094, 2551,
630, 741,
28, 608, 1131,
630, 684,
13, 2351,
731, 1755,
999, 1035, 2336,
996, 1725, 1745,
81, 349, 2621,
86, 687,
13, 92,
118, 147, 150,
107, 1386,
1171, 2155,
727, 800,
851, 1869,
151, 2064,
147, 747, 1900, 2092,
84, 378, 1745,
1041, 1745, 2172,
142, 2677,
276, 287,
19, 288, 1012,
293, 2545,
339, 1369, 1897,
372, 479, 1701,
139, 604,
293, 1199,
150, 500,
36, 425, 1701,
177, 644, 1701, 2155,
177, 1422,
36, 1422,
678, 2077,
928, 1841,
96, 1581, 2204,
558, 2442,
13, 276, 475,
488, 529, 1199,
147, 1339, 2648,
36, 159, 565,
36, 121, 215,
1246, 1752, 1897,
497, 498, 2617,
19, 1073,
536, 1984,
597, 802,
13, 2035,
276, 1749, 2242,
2155, 2546,
475, 1536, 2424,
32, 2155, 2415,
23, 147, 1012,
488, 624, 1522,
629, 985,
118, 629,
37, 1129,
682, 1387, 1438,
761, 2143,
917, 1479, 2339,
159, 315,
15, 147,
88, 1076, 2415,
440, 529, 747, 1745, 2138,
13, 757, 995, 2468,
150, 757,
678, 988,
117, 177, 1470,
678, 805,
475, 1147, 2155,
840, 1745,
92, 454,
1035, 2155,
440, 847,
1259, 2513,
477, 664,
150, 1734,
908, 1012,
215, 1522,
19, 1073,
1184, 1605,
177, 1059,
215, 361,
19, 1745,
19, 147,
440, 880,
19, 1738, 2222,
964, 1339,
1605, 2367,
477, 2351,
56, 1321, 2430,
506, 761, 2137,
276, 475,
421, 1040, 1142,
497, 1012,
19, 159,
1071, 1674,
150, 1093,
90, 276, 519, 1451,
151, 345, 497,
395, 815, 1749,
9, 933, 1252,
88, 1168, 1246,
151, 1173,
1205, 1247,
783, 1201,
805, 1296, 2155,
151, 1604,
597, 1247,
527, 2318,
177, 479, 1296,
147, 2531,
1878, 2623,
147, 151, 1734,
454, 1345,
147, 1382,
170, 586, 1071,
703, 1421,
118, 1382,
88, 255, 1877,
438, 1389, 1394,
761, 1045, 1745,
1399, 1745,
1041, 1745,
159, 2117,
88, 1022, 2251,
19, 1713,
177, 2155,
898, 1492,
88, 750, 2040,
215, 719, 1500,
19, 1511, 2040,
159, 800,
426, 1012, 1543,
19, 1975,
177, 1906,
197, 479,
38, 460, 1543,
54, 2155,
440, 1035, 1560,
623, 1842,
54, 2415,
1601, 1602,
714, 1609,
397, 851,
13, 989,
151, 1652, 2325,
142, 672,
142, 761,
1138, 1700,
783, 2318,
978, 1711, 2318,
159, 677,
522, 1711,
88, 1173,
96, 628, 2399,
1394, 1691,
88, 1747,
54, 463,
1747, 2155, 2318,
37, 1759,
1779, 1785, 2578,
96, 382, 1787,
381, 1745, 1827,
441, 1205,
1407, 2539,
205, 372,
1291, 1691,
107, 166,
1691, 1745,
13, 1168, 1682,
967, 1745, 1949,
802, 2415,
19, 1691, 2396, 2425,
14, 479, 1389, 2092,
147, 1399, 1745,
377, 1131, 1533, 2551,
47, 147,
1745, 1957,
177, 1575, 2323,
678, 2155,
151, 458, 1124,
324, 1575,
45, 1328,
271, 1745,
666, 1660, 1999,
1575, 2578,
215, 2013, 2318,
215, 2013, 2318,
91, 1209, 2350,
147, 816, 1691,
601, 1745, 1827,
601, 1100, 1209, 1691, 2015,
150, 1691, 2028,
372, 503, 1691,
1012, 1745, 1757,
13, 211,
880, 2318,
1142, 1200,
1691, 2318,
47, 823, 2425,
1182, 1745, 2394,
1407, 1691,
54, 1785, 2679,
215, 639, 2081,
1691, 1745,
147, 1691, 2130,
147, 1745,
88, 1001,
147, 2317,
151, 698, 1965,
1745, 2161,
906, 1691,
1693, 1779, 2137,
177, 1779,
1029, 2318,
159, 880, 1966, 2189,
88, 1965,
454, 1691, 2137,
1560, 1965, 2168,
761, 1083,
211, 261,
147, 2232, 2667,
393, 2621,
159, 2155, 2621,
646, 1965, 2241, 2517,
147, 1745, 2028, 2621,
320, 1310,
1691, 2621,
1353, 1745,
54, 1201,
19, 447,
88, 2268,
528, 1485, 2277,
1749, 2232, 2284,
2155, 2285,
13, 205, 1691,
1124, 1926,
1209, 1500, 2575,
150, 151,
214, 2137, 2303, 2352, 2621,
2155, 2308,
96, 1631,
768, 1575,
460, 1365, 2621,
1693, 2351,
166, 1295, 2380,
36, 440, 1029,
509, 986, 1575,
96, 2391,
245, 2155,
1657, 1745,
1035, 1446, 2415,
13, 88, 96,
159, 678,
177, 2411, 2412,
88, 1787, 2411,
54, 88, 1168,
44, 479, 506,
1691, 2414, 2452,
440, 2416,
321, 2318, 2415, 2598,
368, 2412, 2447,
150, 381, 763,
88, 150, 565, 761,
150, 1745, 2457,
150, 1351,
147, 150, 2667,
1693, 2531,
177, 304, 2464,
215, 800,
147, 1691, 2015,
81, 1691,
1691, 1749,
1550, 1745,
1745, 2510,
1745, 2445,
19, 788,
352, 1787, 2528,
88, 2529,
78, 1546, 1945,
800, 1168, 1903,
118, 211,
603, 1640, 1745,
159, 352,
159, 372,
147, 372, 1707,
88, 372, 2585,
496, 2155,
16, 36, 2596,
1388, 1765,
36, 1765,
1232, 1918,
1633, 2143,
147, 2425,
147, 255, 1745, 2064,
147, 2351,
147, 151,
147, 1339,
147, 1504, 1691,
255, 1934, 1949,
2155, 2412, 2517,
440, 454, 460, 754,
36, 88, 967, 2621,
13, 211, 2415,
90, 1345,
276, 2439, 2649,
211, 1581,
19, 223,
1745, 2672,
96, 1765, 2673,
177, 678, 2229,
509, 986, 2611,
118, 815, 1786,
497, 908,
1438, 1804, 1829,
96, 644,
7, 88, 2355,
13, 30, 118,
19, 118, 1704,
19, 142,
147, 742, 1749,
97, 475,
425, 847, 1035,
19, 151, 214, 454,
147, 1749,
276, 343,
527, 1400,
815, 1829, 2318,
177, 247, 684,
147, 1131,
19, 249,
1184, 2155,
1028, 1246,
1745, 2500,
1745, 2425,
147, 1353, 1749,
267, 1022, 2540,
1045, 1745,
36, 273, 2596,
522, 1173, 2155,
1035, 1176,
529, 1035, 1837,
381, 656,
729, 935, 1575,
352, 1779,
150, 604, 2383,
479, 1693,
19, 440,
88, 159, 2410,
1691, 1745,
88, 1691,
19, 147,
142, 1691, 2085,
996, 1691,
935, 1745, 2161,
440, 479,
166, 489,
491, 1691, 2117,
352, 1357, 2081,
880, 2168,
54, 352,
147, 567, 1749,
151, 567,
36, 88, 1631,
19, 381, 581,
36, 159, 1631,
36, 53, 261,
88, 1691, 2200,
13, 215, 1355,
28, 88, 733,
13, 440,
440, 1949, 2621,
13, 215, 1540,
88, 150, 1040,
150, 967,
147, 150, 567,
1700, 2464,
36, 642, 1389,
1176, 1221,
96, 522,
13, 702, 1437,
2155, 2432,
159, 1173, 1860,
304, 2155,
1749, 2291,
1533, 2064,
118, 658,
142, 147,
147, 1159, 1749,
147, 151,
2232, 2621,
276, 1749,
1035, 1071, 1727,
215, 479,
90, 597, 2595,
150, 454, 525,
32, 440, 479,
36, 381,
211, 620, 2195,
177, 2422,
59, 88, 2422,
1693, 2585,
815, 881, 1100,
13, 215,
88, 672,
166, 989, 1583,
215, 255,
1737, 1745, 2425,
30, 88, 261,
215, 2318,
13, 171,
1621, 2293, 2502,
142, 505, 2169,
454, 2392,
96, 2116,
60, 799, 1654,
215, 1339,
603, 2595,
88, 604,
644, 1088, 2361,
44, 1654,
1581, 1743, 1746,
150, 381, 454, 983,
801, 1964,
150, 454,
905, 1061, 1062,
150, 669,
1733, 1752,
636, 1662, 2595,
636, 1197,
768, 1833,
1262, 1300, 1855,
118, 1856, 2533,
260, 1185,
1332, 2293,
1300, 1855, 2675,
1366, 1752, 1855,
211, 215,
88, 150, 2309,
1332, 1436,
96, 1528, 1752,
151, 507,
150, 1677,
678, 1035, 1185,
142, 644, 1570,
1586, 1752,
490, 945,
37, 490, 1709,
644, 682, 1436,
7, 558,
454, 558, 983,
506, 1603,
678, 945, 1198,
7, 2521,
1436, 1645,
1246, 1398, 1734,
137, 1366, 1689, 1752, 2221, 2576,
506, 1581, 1712,
177, 1712,
96, 506,
1432, 1645, 1803,
1161, 1689, 1709,
147, 747,
118, 147, 1292,
142, 147,
636, 1421,
19, 147, 1703,
460, 1511,
735, 989, 1724,
150, 1513,
9, 31, 2308,
558, 1366, 1856,
255, 754,
177, 653, 1948,
989, 1179,
1259, 1752,
96, 1259,
177, 802,
880, 1117, 2476,
398, 2110, 2443,
519, 1831,
88, 802,
644, 802,
211, 2420, 2424,
1812, 1813, 2499,
19, 672, 2222,
159, 2415,
177, 1088, 2323,
815, 1840, 2351,
640, 1961,
142, 1968,
352, 978, 1533,
369, 1831, 2008,
36, 1948,
1831, 1968, 2673,
623, 1295, 1813,
32, 2057,
261, 509,
142, 287, 2062,
249, 1391, 1812,
177, 1812,
1743, 1906,
827, 1022,
19, 381, 1934,
1635, 1856, 2120,
989, 1390, 1999,
1831, 2155,
19, 1124, 2457,
150, 1937, 2450,
159, 1831, 2673,
879, 1038,
1348, 2335,
898, 1317,
2155, 2444,
96, 171, 1402,
20, 372, 1960, 2231,
96, 1093,
703, 2335,
558, 815, 1827,
151, 372,
339, 2218, 2237,
16, 1317,
328, 2310, 2440,
1765, 2237,
150, 2287, 2649,
355, 1185, 1428,
150, 1852, 2608,
460, 2302,
211, 1422,
96, 215,
177, 2293,
255, 2112, 2399,
1405, 1713,
19, 2172, 2647,
741, 1405,
88, 150, 1713,
1492, 1831,
604, 1586,
88, 159, 171, 1765,
159, 2029,
13, 195, 1332,
19, 147, 464,
636, 1113, 1438,
150, 1691,
13, 507, 2367,
92, 653, 1934,
159, 381, 479, 1422,
1483, 1833, 2487,
28, 381, 454,
527, 806, 1512,
1375, 1610,
558, 1224,
150, 1375,
177, 1332,
13, 233, 1495,
195, 454, 2425,
13, 159, 1258,
727, 2529,
460, 1390,
211, 1495, 1597,
88, 150,
19, 465,
150, 989,
88, 479,
19, 509, 2428,
186, 716, 2474,
147, 215,
716, 1339,
478, 1035, 1752,
1024, 1749,
843, 933, 1156,
1689, 2277,
88, 335, 2594,
96, 1035, 1692,
151, 1749,
19, 1073, 1931,
147, 529, 2656,
142, 226,
1749, 2231, 2302,
150, 159, 2349,
19, 633, 741,
96, 372,
80, 989, 1528, 1724, 2008,
177, 1727,
269, 644,
36, 88, 1366,
177, 1348,
151, 2611, 2672,
1333, 1831,
177, 509, 1035,
636, 1317,
41, 678, 1230,
1708, 1812,
36, 96, 565,
19, 381,
147, 150, 2143,
2130, 2143, 2351,
19, 964,
105, 177, 1035,
1099, 1749, 2502,
41, 88, 1390,
558, 1174, 1436,
19, 1831, 2231,
96, 644,
61, 96,
96, 898, 1867,
1174, 1581,
506, 529,
13, 1451, 1834,
13, 2127,
215, 2419,
13, 727,
479, 1018, 1603,
96, 529, 679,
13, 506,
19, 119, 2264,
527, 989,
36, 88,
684, 893, 2570,
96, 727, 2603,
13, 1581,
672, 2378,
479, 2502,
13, 520, 2293,
13, 490, 1259,
41, 118,
211, 761,
261, 381,
118, 215,
19, 454, 2656,
999, 1812,
13, 267, 1348,
621, 2551,
16, 36,
1841, 2241,
19, 529, 2334,
726, 1636,
215, 585, 2605,
88, 147, 786,
16, 36,
361, 768,
19, 150,
147, 846, 1952,
28, 1956, 2000,
19, 514,
892, 1407,
1055, 1946,
19, 905, 2317,
620, 678,
492, 928, 2324,
1693, 2551,
211, 989,
19, 426, 2520,
88, 1956,
118, 255, 2584,
25, 672,
1701, 2551,
147, 2551, 2671,
19, 1745,
1704, 1957,
96, 764, 928,
529, 943, 1053,
60, 409, 797, 1067,
13, 1131,
19, 1364,
1385, 1510,
147, 448, 506, 1704,
1094, 2454,
791, 1151,
19, 743,
64, 479, 1710,
1692, 1992,
150, 2351,
1625, 2576,
271, 454, 518,
15, 211, 2630,
147, 1745,
211, 440,
159, 928, 1102,
16, 36, 1696, 2516,
34, 727,
19, 743,
659, 1745, 2255,
88, 1957,
19, 1151,
37, 1718,
88, 2283,
15, 159,
211, 360, 848,
19, 460, 752,
32, 177,
1579, 2030, 2565,
88, 999,
753, 1732, 1842,
147, 150,
13, 2376,
1061, 1062, 1467,
265, 1343,
623, 2351,
989, 1035,
1397, 2127,
19, 926, 1978,
440, 529,
150, 2551,
19, 479, 2034,
19, 261,
16, 1471, 1696,
19, 147, 672, 2066,
479, 2225,
19, 2551,
421, 848, 2136,
88, 468, 761,
19, 2551,
88, 2177, 2425,
96, 440, 1581,
37, 2540,
384, 705,
19, 2551,
13, 1426, 2136,
19, 368, 958, 2236,
482, 1866,
14, 421,
479, 1585,
1925, 2086,
1790, 2338, 2414,
327, 1886,
14, 421,
1679, 1841,
1302, 2436,
37, 1692,
177, 481, 2463,
1601, 2497,
177, 1987,
88, 1246, 2523,
88, 159,
150, 1691,
527, 2564,
15, 1693, 1958, 2570,
15, 211,
368, 2546,
150, 1713,
359, 1028,
150, 1691,
54, 440,
15, 506,
177, 509, 2285,
350, 2616,
159, 479,
368, 509,
1716, 2257,
37, 2257,
261, 474,
967, 2385,
967, 1716,
1176, 1519, 2677,
15, 1404,
215, 369, 656,
19, 75, 1745,
77, 1699,
103, 1088, 2656,
150, 666, 967,
89, 142, 1841,
892, 2312,
24, 337, 2285,
248, 476,
352, 761,
352, 2523,
264, 265,
19, 1962,
1900, 2270,
479, 1750,
276, 1865, 2142,
28, 520,
1812, 2301,
19, 75, 211,
19, 447, 1606, 1749,
103, 2319,
151, 2351,
211, 934, 1402,
177, 2301,
211, 352, 2266,
19, 90, 211, 2647,
150, 1745,
1181, 1960, 2060, 2422,
119, 2329,
150, 1012,
660, 678, 695,
1467, 2239,
19, 569,
177, 745,
527, 994,
15, 150,
37, 759,
566, 2190,
272, 566, 822,
2561, 2562,
151, 1102,
96, 569, 2398,
147, 381,
15, 1131,
569, 1738,
19, 146,
1027, 2562,
151, 265,
119, 1745,
60, 1026,
151, 2257,
2236, 2293,
13, 211,
461, 569,
150, 461,
150, 215,
88, 2376,
19, 1033,
527, 917,
211, 215, 717,
719, 2671,
15, 979,
667, 1490,
15, 1841,
88, 1767, 2447,
1035, 1841,
60, 1708, 2380,
19, 150, 536, 1827,
150, 2041,
647, 1749,
1221, 1728,
352, 498, 1696, 1728,
1753, 2579,
159, 211, 2512,
19, 1853,
1753, 1915,
19, 147, 690,
1221, 1944,
388, 1953,
1246, 1250,
1915, 2054, 2228,
1148, 1705,
1691, 2131,
1729, 1745, 2394,
19, 1691,
593, 982, 1148,
19, 150, 461,
989, 1745, 2197,
1267, 2041, 2351,
211, 352, 1862,
276, 1812,
211, 2370, 2415,
1691, 2294,
96, 1348,
1131, 2546,
917, 2551, 2564,
19, 44, 118,
540, 1372,
1407, 2541,
88, 147, 1841, 2556,
147, 1633,
759, 1759,
1267, 2351,
88, 151, 1692, 2189,
20, 1696, 1978,
854, 1696,
19, 328, 2394,
1835, 2243, 2551, 2609,
150, 1716,
1745, 2197,
595, 721, 1853,
36, 96,
832, 1945,
1762, 2033,
150, 2618,
402, 1407,
19, 150,
623, 800, 1205,
1131, 1246, 1528,
337, 421,
177, 211,
80, 368, 2556,
19, 101,
19, 71,
101, 141,
211, 230, 350,
243, 2170, 2521,
19, 1739,
16, 721, 1613,
672, 1774, 1865,
569, 672, 2284,
19, 1762,
71, 426,
90, 1625,
150, 1012,
368, 1841, 2546,
19, 804, 1455,
672, 1797, 2317,
804, 2291,
88, 804, 2291,
19, 380,
493, 2317, 2551,
418, 419, 1841,
1479, 1865, 2551,
19, 585, 1364,
88, 726,
19, 1692,
892, 2554,
529, 1844,
28, 1840, 2339,
36, 440, 524, 678,
255, 440, 608,
672, 1631,
19, 611,
1922, 2415,
261, 2447,
15, 1841,
150, 2359,
211, 368, 2554,
19, 150, 798,
150, 2618,
19, 1657, 1691,
19, 1692, 1745,
103, 1644,
36, 88,
339, 775, 877,
151, 840,
896, 1045,
569, 2293,
36, 2294, 2338,
1121, 1575, 2303,
1903, 2252, 2351,
2351, 2634,
98, 177, 1696,
247, 1142, 2430,
309, 311, 667,
436, 1088,
13, 457, 1839,
151, 381,
177, 402, 1333,
13, 783,
745, 1999, 2459,
13, 440, 2297,
15, 440, 2571,
36, 1407,
19, 1434, 1533,
159, 1456, 1533, 1708,
15, 177, 2399,
1580, 1745,
1691, 1745,
90, 1429, 1552,
479, 1824,
36, 1131, 1389,
147, 2062, 2083,
636, 745, 1622,
745, 1221, 1679,
151, 1691,
147, 1165, 2644,
19, 147, 1657,
159, 205, 1691,
77, 368, 1742, 2338,
77, 1742, 2319,
94, 215, 1768,
1297, 1680, 2447,
19, 1836,
159, 440, 1768,
13, 703,
19, 522,
1012, 1745,
19, 847, 2447,
150, 1985,
1181, 1960, 2058,
151, 569, 2291,
37, 759, 1718,
273, 486, 2259,
272, 822,
802, 1221, 2651,
28, 506, 2398,
13, 177,
19, 440, 1641,
28, 150,
88, 211,
147, 499, 1749,
15, 511, 1131,
60, 1715,
506, 569, 678,
1984, 2054, 2228,
13, 816, 1898,
211, 215, 440, 678, 1275,
37, 2551,
768, 2551,
215, 2605,
175, 686,
440, 1246,
19, 147, 1570, 2243,
481, 804, 989,
177, 211,
19, 261, 1026,
34, 36,
479, 1035,
1012, 1716,
2425, 2551, 2609,
28, 352, 1406,
19, 75, 2303,
19, 1046, 1716,
175, 569,
845, 1161, 2317,
80, 522, 2600,
1823, 1903,
