1341,1136
1,2,
3,4,5,6,
7,8,
9,10,
11,12,
13,
14,15,
16,17,
18,19,
20,21,
22,23,24,
25,26,
27,28,
29,
30,31,32,
27,33,
34,
35,36,
37,38,
39,40,
27,41,
42,43,
44,45,46,
47,48,
49,
27,50,51,
52,
53,54,55,
27,56,
14,57,
58,
59,60,
61,
62,63,
64,
27,50,65,66,
27,67,
50,68,69,
70,71,
70,71,
72,
27,73,
27,50,74,
70,75,
76,77,
78,79,
37,80,
81,82,83,
27,66,
84,85,
48,50,
27,86,
87,88,
27,89,
90,91,
27,48,
92,93,
27,50,
94,95,
96,97,
98,99,
100,101,
27,102,
103,
104,105,
106,107,
108,
109,110,111,
27,112,
113,
114,115,
27,41,
96,116,117,
19,118,
119,120,121,
122,
27,123,
27,48,
124,125,
126,127,
48,
128,129,
130,
70,131,
27,132,
27,133,
134,135,136,137,
27,138,
96,139,
118,140,141,
96,142,
114,143,
27,48,
27,144,
145,
146,
147,148,
70,122,
27,149,
12,27,
27,69,
19,150,
120,151,
48,50,
143,152,
128,153,
96,154,
70,122,
135,155,
96,139,
27,156,
157,158,
159,160,161,
162,163,
164,165,
72,166,
167,168,169,
27,170,
171,
172,
173,174,
59,175,
176,
96,177,178,
27,179,
180,181,
27,179,
96,182,
183,184,185,
27,186,
187,188,
189,190,
27,191,
27,192,
193,194,
70,195,
27,196,
187,188,
27,197,
198,199,
200,201,202,
203,204,
205,206,
70,207,208,
209,210,
211,212,
27,213,
214,215,
216,217,
218,219,220,
221,
190,
84,222,
223,224,225,
58,84,
47,48,
226,227,
228,
27,229,
27,223,230,
27,48,
231,232,
233,234,
235,
108,
236,
219,237,
238,239,
219,240,
218,241,
27,242,
68,242,
223,243,
98,244,
96,245,246,
201,
247,248,
25,249,
250,251,
65,252,
70,253,254,
14,255,
27,256,
27,170,
70,257,
27,258,
249,
70,259,
68,242,
27,223,260,
27,261,
27,243,
37,120,262,
223,263,
45,264,
265,266,
27,242,
223,267,
268,269,
270,271,
68,272,
273,274,
275,
27,276,
277,
278,
279,
220,241,
241,280,
281,282,
219,240,
283,284,
281,285,286,287,288,
289,290,291,
292,
70,293,
27,294,
96,295,296,
68,297,
27,298,
27,299,
300,
27,301,
302,303,
304,305,306,
307,308,
309,310,
311,
312,313,
27,314,
315,316,
317,318,
84,144,
319,320,
27,49,
84,321,
306,
25,220,
322,
323,324,
325,326,
27,327,
223,
223,
108,328,
241,329,
330,331,
27,332,
27,69,
333,334,
335,336,
70,337,
338,339,340,
341,342,
343,344,
333,345,346,
347,348,
349,350,
70,207,351,
27,352,
353,354,355,
173,356,
357,
59,358,359,
27,170,
360,361,
362,
363,364,
27,365,
366,
84,170,
367,368,
68,369,
25,201,
355,370,
25,371,
372,373,
68,374,
375,376,
68,377,
96,97,
284,378,
379,380,
381,382,
383,384,
385,386,
27,387,
27,388,
27,321,
389,390,
179,
375,391,392,
27,393,
27,301,
70,394,
395,396,
96,397,
398,399,
333,392,
27,186,
27,196,
27,301,
84,197,
400,401,
402,403,
404,405,406,
154,407,
408,409,
410,
411,412,
25,413,
414,415,
27,84,416,
59,417,
27,301,418,
419,
420,421,
422,423,
37,424,425,
426,427,
428,429,
70,430,
431,432,
27,365,
27,433,
27,434,
435,436,
27,437,
96,438,
439,
440,441,
84,442,
84,442,
406,443,
120,444,445,
84,446,
447,448,
84,449,
27,450,
451,452,
453,454,
96,455,
27,365,
27,439,
456,
59,457,
27,223,450,
458,459,
70,460,
27,461,
348,462,463,
84,261,
223,464,
441,
465,466,
27,467,
25,468,
27,469,
444,470,
27,471,
472,473,
434,
474,475,
68,434,
120,476,477,
27,478,
448,479,480,
481,482,
70,483,
68,434,
198,484,485,486,487,
453,488,489,
490,491,
84,492,
493,494,
495,496,
497,
498,499,
500,501,
502,503,
417,504,
219,505,
120,506,507,
120,507,
84,508,
509,510,
511,512,513,
17,514,
515,516,
289,517,518,
25,519,
27,520,
70,521,
25,522,
27,365,
84,523,
524,525,526,
84,492,
84,527,
27,434,
27,528,
96,529,
70,460,
117,530,
68,179,
84,492,
84,416,
531,532,533,534,535,536,537,538,539,540,541,542,543,
141,544,545,546,
84,547,548,
549,550,
70,207,551,
98,552,
27,553,
554,555,
27,433,
556,557,558,559,
560,561,562,
563,
120,564,565,
566,567,
568,
569,570,
571,572,573,
574,575,576,577,
578,579,
27,434,
392,580,
27,434,
27,581,
209,582,583,
70,584,585,
586,587,
588,589,
84,590,
27,434,
37,591,
84,179,
592,593,
577,594,
592,595,
323,434,
70,419,
84,418,
596,597,
571,598,
571,599,
571,600,
601,602,
579,603,
141,604,
27,442,
605,606,
571,607,608,
84,609,
306,610,
439,611,
96,612,
613,614,
27,615,
608,616,
27,439,
100,601,617,
27,393,618,
84,619,
620,621,
70,622,
623,624,
603,625,
70,351,
141,626,
627,628,
351,629,
630,631,
632,633,
634,635,
27,321,
620,636,637,
620,638,
73,
579,603,
84,323,467,
68,639,
640,641,
68,439,
642,643,
644,645,646,
37,647,
604,648,
25,649,
27,650,
651,652,
653,
617,654,655,
27,656,
657,658,
659,660,
661,
662,663,
497,664,
637,665,
268,666,667,668,
27,84,434,
108,669,
27,670,
27,179,
671,672,673,
674,675,
676,
655,677,678,
679,680,
681,682,
683,684,
84,685,
126,686,
120,687,688,
689,690,
691,
692,693,
453,524,694,
695,696,
697,698,
699,700,
701,702,703,704,705,706,
207,351,707,
708,709,
143,708,
710,711,712,713,
714,715,
716,717,718,
717,719,720,
70,207,721,
722,723,
84,170,
724,
725,726,
727,728,
729,
323,730,
731,732,733,
734,735,736,737,
738,
739,
740,
27,741,
68,619,
96,694,
741,
694,
27,434,
70,742,
692,743,
658,
744,745,
27,741,
746,747,748,
749,750,
84,332,751,
27,332,
84,752,
753,
332,751,
96,754,
738,755,756,
84,581,
68,84,757,
581,
720,745,755,
758,
70,585,
96,694,
759,760,
761,762,
763,
764,
765,766,
767,768,
27,769,
770,
771,
84,772,
732,773,
774,775,776,
70,777,
27,778,
779,780,
781,782,783,
784,785,
37,786,
70,787,
27,788,
84,170,
96,453,789,
27,790,
27,581,
569,791,
84,170,
27,84,772,
37,792,
84,793,
84,179,
84,772,
84,752,
84,619,
27,84,788,
84,434,
96,794,
70,795,
177,796,
797,798,799,
84,800,
70,787,
14,801,
96,524,802,
210,803,
84,788,
96,804,
96,805,
530,805,806,
804,806,
96,154,807,
807,808,
96,794,
96,809,
810,811,
812,813,
814,815,
816,817,818,
819,820,
821,822,823,
444,824,
824,
825,
655,678,826,
827,828,
829,830,
831,832,
84,833,
834,835,
836,
27,837,
84,838,
84,839,
27,685,
27,840,
177,524,530,841,
27,842,
692,843,
84,416,
844,845,
84,619,
96,117,
96,
323,846,
847,848,
849,850,851,
68,840,
141,852,
47,48,84,
755,853,854,
855,856,857,
858,859,
59,860,
59,861,
692,862,
70,863,
84,864,
865,866,
522,699,
522,867,
868,869,
752,870,
68,871,
27,508,
751,872,
722,873,874,
875,876,
6,877,
878,
722,879,880,
881,882,
883,884,
722,885,
708,886,
544,887,888,
708,889,
722,890,
855,891,892,
722,893,
722,894,
895,896,
717,890,
755,897,
898,899,
84,323,900,
901,902,
903,904,
201,905,
84,906,
907,908,
909,
910,911,912,
68,913,
914,915,
916,917,
22,918,
323,913,
640,919,
920,
921,
922,
84,923,
744,924,
925,926,
927,928,
27,68,929,
68,930,
917,931,932,
933,934,
84,935,
96,117,
936,937,
755,938,
939,940,
84,941,
70,942,
27,943,
420,917,
917,932,944,
945,946,
744,947,
120,948,
70,351,
862,949,
917,931,
950,951,
84,952,
84,913,
953,
96,954,
751,955,
755,934,
917,956,
96,957,
958,959,
960,961,
70,962,
439,
84,186,
963,964,
96,965,
582,694,
966,967,
968,969,
27,170,
27,970,
971,972,
27,581,
581,751,
27,973,
27,730,
27,935,
974,975,
976,977,
126,798,978,
84,581,
323,434,
979,980,
323,935,
981,982,
983,984,
985,986,
987,988,
14,989,
741,
68,973,
96,990,
68,449,
991,992,
720,744,
760,
993,994,
993,995,
996,997,
84,998,
999,1000,
722,1001,
98,708,1002,
323,1003,
993,1004,
1005,1006,
1007,1008,1009,
27,1010,
84,1011,
708,1012,
996,1013,1014,
1015,1016,
751,1017,
27,68,1018,
323,1019,
866,996,
1020,1021,1022,
70,351,
993,1014,1023,
722,1024,
993,1014,
1025,1026,
996,1027,
708,1028,
708,1029,
708,1030,
708,1031,
993,1032,1033,
722,1034,1035,
114,1036,
96,1037,
722,1038,
1027,1039,
1040,
722,1041,
993,1042,
27,1043,
84,1044,
722,1045,
84,1046,
1047,
84,1048,
1049,1050,
950,1051,
27,1052,
717,
27,84,1053,
717,1054,
47,1055,
717,1056,
1057,1058,
84,1048,
1059,
84,1060,
37,1061,
70,1062,
1063,1064,
70,1065,
27,323,872,
1066,1067,
569,1068,
1069,1070,
1071,1072,
993,1073,
359,
96,1074,1075,
716,722,
722,1076,1077,
722,1078,
1079,1080,
751,1081,
692,1082,
993,1083,
84,751,1053,
289,1084,
717,1085,
722,1086,
751,1087,
1088,1089,
717,1027,
717,
70,1090,
993,1091,
1092,
993,1014,
722,1014,
186,323,
323,1093,
27,523,
84,913,
84,581,
84,1094,
126,1095,
70,1096,
70,351,
1097,
1027,1098,
717,1027,
722,1099,
1100,
1076,1101,1102,
1076,1091,
70,207,351,1103,
27,1104,
1076,1083,
722,1105,
1027,1106,
996,1107,
1076,1091,
70,606,
722,1108,
1027,1109,
1070,1110,
1047,1111,
1112,1113,
68,1114,
993,1115,
1027,1116,
84,1044,
1076,1117,
1117,1118,
1112,1119,
84,840,
722,1038,
1027,1045,
1023,1120,
70,207,1121,
1122,1123,
1124,1125,
1126,1127,
1128,1129,
1130,1131,
1132,
1133,1134,
569,1135,
96,1074,1136,
68,84,1137,
84,1138,
1139,1140,
84,1053,
755,1141,
1142,
1143,
1144,1145,1146,
744,890,
1147,1148,
27,1149,
84,1137,
1150,1151,
1152,1153,
1154,1155,
1084,1156,
84,170,323,
1157,1158,
950,
27,1159,
1160,1161,1162,
186,323,
59,1163,
1154,1164,
84,872,
68,1165,
68,1166,
84,837,
1154,1167,
323,1168,
323,1169,
1170,1171,
1172,
96,1173,
1174,1175,1176,
717,993,1000,
1076,1177,1178,
722,1076,1179,
1076,1180,1181,
1076,1182,
722,1182,
993,1005,1183,
993,1184,
1000,1185,
1186,1187,
993,1188,
722,1189,
722,1005,1190,
867,1191,1192,
1185,1193,
717,997,
722,1194,1195,
993,1185,1196,
717,1197,
1005,1198,
1005,1199,
722,1200,
27,223,
1092,1201,1202,
1116,
993,1116,
751,1203,1204,
717,1077,1205,
1206,1207,
751,1204,
717,1208,
722,1209,1210,
722,1211,1212,
993,1213,1214,
993,1014,1215,
84,1003,
27,1216,
98,1217,
68,1169,
68,1169,
996,1218,
569,1219,
220,1220,
690,1116,
1076,1221,
722,1222,
84,1011,
323,1204,
1223,
1224,1225,
1226,
993,1014,
27,1227,
98,1228,
993,1076,1229,
1005,1186,1230,
993,1115,
1231,1232,
1092,1233,
993,1234,
1185,1235,
722,1236,
993,1014,
84,685,
717,1237,
27,1238,
751,1044,
27,186,
722,1239,
1240,1241,
993,1215,
70,1242,
98,1243,
572,1244,
744,1245,
1246,
1204,1247,
84,837,
84,1204,
722,1248,
993,1249,
722,993,1014,
1076,1250,
996,1066,
1116,1251,
751,1252,
84,685,
323,1253,
751,871,
27,1254,
84,1204,
37,1255,
1233,1256,
1257,1258,
1234,
1259,1260,
1261,1262,
1263,
733,993,1188,
1264,
27,1003,
1027,1265,1266,
1267,1268,
751,1252,
1269,1270,
1076,1271,
733,1271,
1272,1273,
1274,
993,1275,
84,1276,
1277,
1278,1279,
722,1280,
27,1281,
855,1282,
722,1280,
996,1283,
27,1284,
1285,1286,
1287,
1288,1289,
1111,1287,
1290,1291,
1111,1292,
27,84,1293,
27,1294,
120,1295,
27,1293,
1296,
27,1297,
84,1204,
722,1298,
1299,1300,
84,261,
530,1301,
27,1293,
1302,1303,
1304,
220,1305,
1244,1306,1307,
751,1308,
84,1309,
1310,1311,
27,1204,
84,1003,
993,1014,
1312,1313,
1314,1315,
70,351,
993,1316,
84,1317,
27,1318,
1319,1320,
84,1293,
323,1321,
223,1322,
68,439,
84,1093,
84,1281,
524,530,1301,
198,1323,
84,1324,
84,1325,
807,
1326,1327,
722,1328,
1329,1330,
722,1014,
27,1331,
323,439,
751,1332,
68,1333,
323,1334,
592,1335,
1336,1337,
84,1238,
84,1011,
1338,1339,1340,
582,1341,
