694,915
1,2,
3,4,5,
6,
7,8,
9,
10,11,12,
7,13,14,15,
16,17,
18,19,
20,21,
22,23,
24,25,
4,26,27,
28,29,
4,30,31,
32,33,
32,34,
4,35,
36,37,
9,38,
1,4,30,39,
40,41,
23,32,
4,37,
39,42,
43,
44,45,
14,30,46,
4,47,48,
49,
50,51,
7,36,52,53,
54,55,
15,56,
57,58,59,
4,30,60,
61,62,
4,47,53,
63,64,
4,30,65,
66,
40,67,68,
40,47,67,69,
4,64,70,
4,6,32,71,
50,72,
56,73,
74,
75,76,
4,32,47,56,77,
4,78,79,
59,67,
80,
81,
4,47,82,83,
66,
63,84,
47,67,85,
4,47,64,
32,86,
14,47,86,
56,87,
32,76,
4,14,73,88,
32,40,67,88,89,
4,32,47,90,
82,91,
1,32,92,
52,67,93,
14,94,
59,67,
95,96,
97,98,
40,47,73,
67,99,
30,100,101,
95,102,
101,103,
15,
104,105,
32,106,
4,107,
76,108,
28,109,
110,
4,111,112,
4,113,114,
14,115,116,
42,117,
4,115,118,119,
23,36,
120,121,
32,47,122,123,
124,125,
4,40,67,85,126,
127,
57,97,128,129,
58,130,131,
4,132,
1,133,
55,134,
135,
43,
1,4,24,136,137,
64,
4,30,138,
67,139,140,141,
56,142,
32,77,143,
4,123,
4,144,
56,145,
36,59,
113,125,
131,138,
36,146,
88,147,
14,32,148,
4,28,149,
150,
4,151,
152,
4,36,153,
154,155,
67,156,
39,157,
158,
36,159,
4,160,161,
53,130,131,
162,163,
113,164,
4,123,
57,165,
82,166,
4,14,67,167,
156,168,
67,169,
58,170,
11,171,
4,172,
30,173,
1,174,
56,175,
30,176,
177,
14,178,179,180,
115,143,181,182,
4,14,40,70,183,184,
185,186,187,
4,188,189,
95,190,
28,191,192,
193,194,
14,195,
196,197,
7,30,169,
195,198,
187,192,199,200,
40,201,
14,30,202,
65,79,
187,200,
185,203,
185,204,205,
4,206,
194,207,
58,208,
182,
182,
4,40,67,184,
30,58,187,209,
115,191,
39,
210,
157,211,
212,
4,58,213,
189,
4,40,214,
4,180,196,
36,58,193,215,
4,14,32,216,
30,95,217,
24,32,47,58,218,
4,32,191,
4,32,47,58,187,219,
220,
47,184,192,221,
222,223,
67,224,
212,
24,78,130,
4,58,67,165,
225,226,
40,227,
228,
229,230,
231,
32,65,
2,113,196,
32,232,
191,
134,233,
234,235,
187,192,218,236,
192,237,238,
95,239,
58,187,200,
4,187,240,
14,220,
14,70,200,
4,130,224,
32,67,241,
187,242,
157,196,243,
4,244,245,
4,40,52,
4,193,
246,247,
184,200,
14,248,
193,196,249,
250,251,252,
4,253,
4,161,
56,254,
157,243,
255,256,
58,161,
36,257,
40,56,67,78,79,258,
210,259,
30,260,
75,213,
182,
32,78,261,
4,40,65,
4,40,53,58,
262,
40,47,95,263,
47,58,79,264,
40,58,265,266,
130,184,196,
30,86,
11,267,
76,157,
58,184,258,266,268,
30,200,269,270,
4,12,14,130,265,
196,271,
14,272,
14,56,67,196,273,
184,274,
47,113,130,275,276,
4,146,
76,79,
40,277,
32,278,
189,
130,279,
4,14,280,
79,264,
30,281,
282,
14,78,
4,73,79,
4,30,283,
260,
67,200,
11,146,
76,258,
30,189,
130,273,
4,161,284,
4,58,182,
32,285,
4,286,
32,146,
32,67,287,
4,288,
289,290,
4,70,291,
4,24,52,
4,265,292,
146,157,
79,196,200,
269,293,
30,294,295,
130,296,
56,291,
40,297,
128,298,
130,299,
130,276,
40,91,130,
40,53,
130,260,300,
4,40,47,67,192,301,
302,303,304,
4,67,192,305,
4,301,
7,47,91,130,236,240,
40,67,237,306,
226,
70,179,191,
36,192,306,
226,
32,58,67,192,306,
4,30,283,
4,242,307,
157,308,
36,306,
4,30,282,
36,293,
192,309,310,
4,32,192,306,
192,306,
157,311,
312,
313,314,
184,306,
4,130,189,
157,180,
4,315,
40,196,306,
67,184,306,
280,316,
4,280,317,
14,306,
30,318,
4,30,306,
319,320,
36,306,
321,322,
4,36,194,323,
4,324,
325,326,
4,
4,40,
14,30,260,
293,
4,7,40,192,327,
328,329,
4,330,331,
4,40,68,91,130,
4,332,
283,
4,130,333,
130,334,
1,291,
95,335,
336,337,
4,
338,339,
1,330,
4,280,
4,130,340,
341,342,
339,343,
276,344,
6,345,
52,157,346,
32,67,143,258,347,348,
40,73,236,
4,40,67,349,
4,7,184,192,350,
4,88,192,351,
192,352,353,
354,
73,355,
194,347,
4,356,
4,67,357,
4,40,67,271,
36,358,
32,194,
4,353,
236,242,
236,359,
4,28,360,
7,47,73,85,192,234,
354,
130,143,194,
4,192,361,
184,362,
4,242,
30,56,358,
36,363,
4,184,354,
130,358,
192,245,
14,364,
30,72,
4,30,40,365,
4,184,192,
32,192,365,
205,
30,339,
7,30,339,
30,366,
36,367,
73,113,
184,368,
4,34,
184,369,
157,370,
192,371,
192,372,
161,184,
67,373,
192,306,
184,374,
32,161,
192,375,
354,
4,376,
192,377,
184,378,
30,339,
134,180,
4,74,379,380,
197,381,
339,
382,
383,
4,384,385,386,
4,161,387,
32,140,388,
389,
95,390,
339,391,
4,47,288,
307,323,
392,
4,30,339,
32,242,393,
288,383,
394,395,
304,
391,396,
372,
391,397,
192,350,
30,398,
192,242,
67,192,242,399,
184,400,
32,350,
1,130,350,
323,350,
192,236,242,401,
191,
4,30,323,402,
67,192,403,
192,389,
128,288,
130,242,
4,288,307,
4,47,130,404,
4,405,
4,406,407,
408,409,
4,410,411,
4,412,
413,414,
350,379,
191,
307,415,
4,293,387,
157,416,
95,417,
14,404,
408,418,
398,419,
4,420,
4,14,421,
288,386,422,
14,67,406,423,
424,
154,192,242,425,
192,242,426,
32,40,304,
339,
4,40,47,56,67,427,428,
192,288,386,
4,40,56,141,
30,386,
1,317,
36,429,
32,40,430,
14,367,
4,431,
4,140,432,
157,288,
157,433,
1,4,365,
236,434,435,436,
1,4,304,
399,437,
28,288,
4,187,438,
40,439,
440,441,
187,442,
4,40,443,
14,444,
63,350,
4,445,446,
4,130,447,
448,
211,449,
32,450,
4,451,
4,40,451,
4,452,
28,453,
157,454,
52,455,
4,412,
7,130,456,
161,184,
4,451,
448,457,
458,459,
419,460,
461,
47,56,67,187,462,
4,260,
42,56,67,187,463,464,
47,56,184,268,465,
32,466,
187,336,449,467,
468,469,
470,
32,471,
472,473,
187,459,
28,184,
4,47,67,192,474,
4,475,
187,476,
4,30,467,
40,477,
4,42,166,478,
4,42,479,480,481,
4,482,483,
484,
130,386,
4,30,175,
14,40,47,187,485,
336,486,
187,487,488,
30,467,
42,489,
490,491,
40,56,67,84,492,
40,47,67,187,461,
32,67,465,
4,30,47,67,493,
4,399,494,
4,192,495,
67,187,496,
47,497,
4,42,47,192,498,
4,499,
500,
4,32,47,187,501,
502,503,
130,449,504,
56,467,505,
187,506,
258,505,
4,507,
4,187,461,
508,
509,
192,249,
187,476,
199,276,
157,510,
40,511,
40,187,512,
467,
467,
40,323,
130,473,
91,130,
40,499,
187,469,
36,513,
187,469,
187,514,
4,515,
187,276,
56,461,
32,516,
42,288,
70,517,
4,336,518,
459,
4,47,519,520,
187,521,522,
4,32,67,365,
30,518,
4,28,523,
4,524,
32,42,525,
526,527,
4,32,528,
30,520,
529,
4,423,
4,530,
70,531,
2,532,
32,42,533,
11,336,534,
65,336,
4,42,533,
47,67,515,
28,533,535,
536,537,
538,539,
42,535,540,
4,32,533,
4,14,541,
336,542,
336,542,
42,533,
32,543,
4,533,
544,545,
336,546,
547,548,
126,549,
40,550,
42,551,
52,192,552,553,
126,554,
555,
459,
397,
67,348,
556,
557,558,
4,559,
42,126,521,560,
34,42,
561,562,
30,42,537,
28,67,533,
336,563,
187,542,
4,192,533,
42,122,562,
564,565,
42,566,
126,130,567,568,
42,73,187,521,
569,
336,542,
4,73,187,244,
91,130,570,
4,42,571,
187,572,
184,573,
192,574,
130,205,
40,187,575,
336,576,
192,533,
336,577,
67,578,
42,533,
187,546,
4,579,
569,
336,580,
1,130,184,
581,582,
42,307,323,
157,390,
56,187,583,
67,584,
323,585,
140,288,
42,586,
336,587,
32,288,
32,288,
588,
187,387,
589,590,
4,288,
32,591,
4,592,
4,184,192,593,
47,187,594,
7,434,595,596,
597,
4,40,192,598,
187,595,596,
4,95,590,
4,28,130,260,
4,187,260,
42,47,599,
32,187,479,600,
597,601,
4,602,
4,42,603,
597,
604,
4,605,
597,
187,603,606,
288,
30,590,
187,597,
597,
607,
187,379,608,
609,
67,95,187,610,
597,
4,592,
4,30,611,
4,192,612,
4,32,612,
187,387,
187,602,
47,184,260,
613,
42,614,
32,603,
187,614,
615,
616,
609,
4,379,599,617,618,
4,67,619,620,
597,
30,525,
4,621,
4,184,
47,621,
599,622,
609,
130,540,
187,602,
260,336,
192,623,
336,590,
336,612,
4,192,258,
624,
28,603,
130,625,
609,
157,395,
157,626,
336,627,
336,628,
187,260,
67,613,
130,629,
630,
579,
42,47,419,631,
419,632,
7,632,
42,47,560,
197,
590,633,
632,634,
42,635,
58,111,187,636,637,
4,47,638,
47,67,307,560,
42,639,640,
639,641,
639,642,
42,540,
399,639,643,
40,187,632,
67,644,
42,47,645,
73,157,
542,
646,647,
4,648,
187,649,
4,560,
4,67,650,
32,542,
258,336,387,
40,184,
47,187,631,
42,560,
42,187,587,
192,651,
40,47,
95,612,
187,652,
187,653,
130,654,
4,288,655,
67,187,656,
28,171,657,
579,
329,336,
40,187,323,658,
11,187,659,
660,
661,662,
609,
42,184,
187,384,
42,187,663,
4,56,187,664,
665,666,
4,47,56,130,599,
4,187,288,
28,667,
187,668,
187,669,
157,258,599,
670,671,
471,
4,67,288,
672,673,
157,599,
32,612,
606,674,
67,187,288,
673,
32,288,
157,599,
187,672,
187,673,
32,323,
4,288,
157,288,
11,673,
187,323,
47,471,
130,288,379,
336,661,675,
28,676,
47,288,677,
1,288,
130,678,
187,306,
655,659,
4,372,
56,67,403,679,
56,403,
56,187,656,
30,599,
599,
4,130,656,680,
681,682,
4,187,336,683,
599,
599,
623,
673,
336,684,
288,
187,685,
112,
403,686,
599,
130,288,346,687,
4,288,680,
4,56,67,258,
336,684,
336,599,
95,599,
140,288,
95,599,
187,688,
157,599,
288,680,
157,599,
157,599,
187,380,
32,533,689,
157,599,
157,599,
95,599,
32,690,
336,691,
672,673,
336,556,
32,672,673,
56,673,
157,599,
184,288,
157,599,
157,599,
157,599,
683,692,
157,599,
30,288,
157,599,
336,675,
336,599,
56,672,
130,693,
336,672,
140,533,
336,648,
32,673,
187,694,
