1803,2673
1,2,
3,4,5,
6,7,8,9,
10,11,12,13,
14,
15,
16,
17,
18,19,
20,
12,21,
22,23,
24,
25,26,
11,27,
28,29,
30,31,
32,33,
30,34,35,36,
12,37,
38,39,
40,41,42,
43,44,
45,46,
47,
48,49,
12,50,
51,52,53,
22,54,55,
12,56,57,
58,
59,
1,12,
60,61,
62,
22,63,
64,65,
66,67,68,
12,69,
70,71,
20,22,
12,22,72,
22,73,
2,22,51,
22,54,74,
75,76,
70,77,
70,78,
79,
80,
81,82,
83,84,
2,51,
85,
86,87,88,
22,89,
12,72,
51,90,
2,51,
91,92,
12,23,54,
93,94,
22,95,
22,96,
22,97,
64,98,
22,99,
100,101,
12,30,102,
12,103,
22,104,
22,105,
30,102,
12,106,
107,108,
102,109,
12,110,111,
112,113,
114,115,
90,
116,
117,
118,119,
4,51,120,
111,121,
30,122,
123,124,
12,125,
126,127,
128,
12,70,129,130,
12,131,
22,132,
133,134,
12,22,135,
136,137,138,
12,51,139,140,
141,
120,142,
143,
22,144,145,
90,118,146,
90,146,
12,147,148,
12,149,
150,
151,
12,152,
153,
12,154,
155,
156,157,
12,158,
12,159,160,
4,161,
162,
163,164,
12,165,
166,
12,23,
12,167,
12,129,168,
169,170,
12,171,
172,
11,12,123,173,174,
64,90,118,
175,
22,176,
70,147,177,
178,
179,
11,30,109,
180,
181,
12,182,
54,183,
22,184,
142,148,
22,157,
22,185,
22,186,
12,23,187,
188,189,190,
12,173,191,192,
164,193,
22,194,
195,196,
195,197,
54,198,
54,182,
23,54,199,
54,200,
54,99,201,
202,
203,204,
90,205,
102,206,
118,207,
208,
12,209,
11,102,142,
210,211,
212,213,
22,214,215,
124,
49,102,
216,217,
22,46,
199,218,
219,220,
66,221,
12,188,190,
12,222,
223,
135,199,
36,173,224,
12,225,
12,226,
76,
227,
30,228,
229,230,
30,108,
22,231,
54,232,
22,31,
12,54,183,
22,124,
12,76,
233,234,
106,
4,235,
111,236,
4,155,
133,204,
22,150,
54,237,
12,238,
22,166,239,
30,228,
240,241,
242,243,
22,244,
189,245,
246,
12,247,
12,248,249,
23,250,
127,251,
12,103,
22,252,
182,253,
12,254,
109,255,
12,98,
22,249,
22,256,
22,54,176,
54,257,
54,190,
54,258,
233,259,
12,54,260,
12,261,
262,
173,263,
264,265,
102,142,
11,183,
12,266,
195,267,
12,221,
263,268,
11,69,
22,172,
22,269,
12,270,
30,109,
12,70,271,
22,272,
12,273,
12,274,
12,275,
276,277,
12,278,
49,54,
12,279,
142,280,
281,282,
283,284,
285,286,
22,287,
12,288,
4,289,
54,183,
106,142,
290,291,
64,292,
12,293,
70,294,
12,295,
25,296,
185,216,
262,297,
54,106,
12,109,
22,153,
25,263,
12,232,
54,298,
299,300,
81,301,302,
302,303,304,
52,305,306,307,
12,22,74,
22,308,
229,
56,198,309,
310,
311,
258,312,313,
193,314,
28,315,
12,316,
98,317,
173,237,
159,183,
12,318,
12,54,159,319,
22,99,
22,99,
320,321,
322,
323,324,
325,
326,327,
22,328,
70,329,
12,330,
331,332,
4,198,
12,330,333,
12,22,334,
22,315,
335,336,
337,
22,338,
268,339,
12,66,340,
12,111,
341,
12,64,103,
11,195,342,
22,343,
344,
49,
345,
22,99,
346,
11,256,
22,233,293,
23,66,193,
12,22,347,
99,233,
102,206,
54,182,
12,90,
64,126,
198,348,
54,68,
12,72,335,
12,193,
12,22,349,
4,22,350,
51,351,
12,293,
49,54,
22,352,
75,353,354,
177,326,
12,355,
54,356,
54,
357,358,
75,359,
98,293,
360,
22,172,
12,70,312,
198,
22,361,
64,362,
56,363,
364,
102,
365,366,
4,367,
368,369,
22,370,
12,371,
12,260,
53,372,
338,344,
4,195,373,
12,23,
22,374,
12,49,
375,
12,376,
22,148,
25,344,
12,377,
378,379,
22,380,
12,381,
54,177,
86,103,
173,224,
25,102,
70,382,
54,383,
81,384,
54,159,
385,386,
366,387,
22,388,
25,80,
102,195,
54,389,390,
12,93,391,392,
12,393,
394,
395,
22,396,
111,322,
12,397,
12,293,
23,398,399,
81,289,
12,400,
22,401,
176,195,
402,403,
103,404,
64,103,
214,405,406,
54,194,
54,159,
22,258,
75,407,408,409,
410,411,
12,412,
12,312,413,
12,344,
12,414,
123,302,
12,394,
54,199,244,
22,296,
12,54,415,
2,12,159,
51,416,
22,282,
22,194,
12,341,
23,54,
30,111,
98,126,
11,417,
22,282,
22,290,418,
70,419,
420,421,
22,422,
198,
423,
268,424,
75,310,
23,
195,375,
22,97,
22,422,
12,13,
22,322,
22,425,
268,426,
199,427,
4,103,428,
429,430,
431,432,
405,406,
4,433,434,
435,436,
437,438,
439,440,
207,439,
98,441,442,443,444,
445,
446,
103,
22,99,447,
448,449,
450,451,452,
245,447,453,
4,454,
455,
58,456,
457,
458,459,
49,460,
461,
462,
58,70,329,
12,268,463,
22,440,
12,54,464,
465,
12,346,
423,
106,
4,12,37,
12,236,293,
199,447,
466,
261,467,
447,452,
233,468,
264,469,
22,470,
12,471,
229,447,
22,472,
75,293,
236,293,
12,473,
474,475,
162,
51,54,255,344,476,477,
64,478,
64,479,
12,480,
447,481,
447,482,
22,483,
111,128,
12,159,484,
309,485,
12,54,486,
106,487,
193,488,
54,489,490,
447,491,492,
54,447,485,493,
494,
495,
12,157,
195,496,
258,447,
12,194,
233,293,
264,497,
12,498,
23,499,
12,500,
183,
293,501,
4,434,
22,502,
182,236,
12,503,504,
22,505,
447,506,
12,194,447,
447,507,
22,508,
12,509,
193,447,507,
54,
309,510,
309,511,
22,481,
512,
410,513,
70,514,
503,512,515,
451,452,516,
517,518,
519,520,
54,521,522,
153,369,523,
163,524,
54,508,525,
309,526,
45,
527,528,
529,
508,
275,530,
201,531,
532,
129,264,533,534,
22,481,
12,535,
536,
537,
214,538,539,540,541,
453,542,
2,
22,543,544,
545,
51,546,
22,547,548,
549,
22,550,
22,551,
552,
12,193,
338,553,
368,554,
127,555,556,
557,558,
559,560,
559,561,
12,562,
12,563,
12,233,564,
489,
565,
12,566,567,
2,268,
12,568,
569,
22,23,54,
22,480,570,
571,572,
573,
442,
574,575,
12,499,576,
302,309,577,
22,569,
11,182,
128,
12,45,578,
335,562,
81,579,
81,99,
75,580,
22,134,
233,338,469,581,
22,582,583,
25,584,
22,580,
585,
4,502,
22,183,
22,249,
4,22,53,
30,98,
173,344,
586,
31,
23,587,
276,
109,
508,
12,588,
22,589,
2,309,
22,590,
54,173,194,
22,194,
106,591,
12,106,592,
81,593,
22,594,
4,595,
54,590,
75,596,
12,597,
598,
27,599,
12,562,
562,
22,154,
22,123,600,
12,601,
594,602,
326,603,
23,54,81,
12,604,
4,605,606,
607,
98,293,
11,466,608,
12,609,
11,12,562,
610,611,612,
1,22,
613,
98,614,
25,344,
81,575,
12,508,
194,
442,615,
173,616,
12,617,
355,
25,344,
530,618,
195,237,
22,173,182,
22,619,
22,620,
22,621,
11,622,
12,623,
54,624,625,
30,405,
54,379,
22,442,
289,
442,626,
98,627,
11,628,
12,629,
45,630,
12,22,631,
233,632,
633,634,
214,
22,627,
185,
12,635,
344,442,
12,22,590,
23,233,
22,406,
22,593,
562,
81,575,
70,636,
256,637,
442,638,
639,
12,640,
54,641,
109,
12,280,
309,642,
643,644,
54,577,
645,646,
81,511,
442,647,
12,648,
12,595,
508,
22,649,
233,650,
22,651,
480,652,
608,653,
54,560,
173,654,
12,193,
25,572,
99,466,
54,309,508,
12,590,
559,655,
22,187,
12,656,
12,508,
98,492,
236,559,
54,342,
54,657,
12,622,
11,658,
25,659,
12,280,
54,659,
54,660,
22,481,
22,661,
508,
54,508,
54,508,
18,572,
22,279,
662,663,
123,255,664,
4,12,665,
11,181,
54,182,195,
12,25,562,
666,667,
668,
669,
12,670,
12,671,
262,672,673,
23,335,
22,674,
12,675,
30,200,
52,676,
12,268,677,
99,305,
4,26,58,
12,99,
81,249,678,
11,12,155,
54,679,
12,22,70,199,
22,680,
558,
681,
193,682,
153,
12,127,683,
12,684,
12,289,
685,
578,686,
12,221,
284,
49,52,
12,81,155,466,
22,687,
12,265,
688,
12,123,635,
81,562,
54,689,
530,
12,690,
22,99,
12,414,
12,635,
249,268,
156,508,
28,688,
12,635,
12,194,
22,691,
22,692,
155,159,
572,672,
75,693,
12,694,695,
22,696,
697,
276,698,
411,
194,233,
22,132,
81,699,
12,22,81,700,
12,562,701,
702,703,
193,704,
99,705,
233,293,
49,54,
75,183,
12,706,707,
195,708,709,
261,397,
12,710,
22,155,672,
536,
265,711,
4,153,
12,562,
12,712,
713,
22,54,641,
142,153,
12,54,681,
22,99,
379,
309,569,
54,560,
81,121,
22,664,
236,714,
715,716,
12,22,99,
75,717,
54,185,
12,562,
75,718,
12,719,
12,536,
22,701,720,
721,
12,641,
12,722,
54,723,
724,
99,672,
11,725,726,
12,727,
195,728,
729,
70,99,
22,701,
12,562,
54,194,
12,730,
54,423,
54,731,
11,732,
12,490,
12,684,
12,214,
75,733,
12,289,485,
75,734,
81,214,
22,490,
109,133,
51,111,
547,735,
12,346,
12,99,
531,562,
54,185,
144,736,
293,737,
406,
22,155,
12,121,
12,738,
12,155,
12,23,
81,575,
75,739,
199,740,
741,742,
12,157,
54,743,
81,744,
12,654,
681,
54,182,
12,745,
746,747,
12,
12,75,
20,290,
748,
54,155,
54,733,
749,750,751,752,
753,754,
326,755,
354,756,
22,148,757,
12,81,591,758,
193,199,759,
760,761,762,
275,
22,763,
764,
309,511,
11,12,379,
70,586,
765,
766,
22,81,194,
767,
12,768,
425,769,
309,770,
229,
508,
309,677,
156,568,
11,771,
22,54,772,
536,
121,
54,508,773,
22,492,523,774,
22,775,
776,
11,400,
536,
470,
777,
778,779,
587,
22,507,
12,22,54,75,144,507,
22,765,
309,639,
12,507,
309,379,
780,
485,781,
782,
12,775,
4,767,
22,574,783,
22,481,
54,194,
508,
12,784,
22,785,
148,
22,786,
193,787,
51,788,
12,789,
81,783,
26,309,
22,124,447,
276,786,
774,790,
791,792,793,
792,794,
103,255,774,
22,795,
51,796,
447,797,
14,
276,523,798,
799,
22,800,
109,276,801,
54,800,
54,802,
12,803,
804,
22,805,
806,807,
12,808,
22,293,
99,774,778,
586,
771,809,
195,810,
12,775,
193,811,
193,811,
54,812,
22,185,
233,293,
2,54,
813,
22,293,
81,794,
814,815,
816,817,
309,344,
447,818,
54,590,
148,309,
22,819,
54,508,
22,52,109,
12,268,808,
124,820,
22,106,
49,821,
22,822,
11,166,823,
268,672,
12,824,
22,440,
54,642,
12,825,
826,827,
54,508,
11,166,
22,828,829,
504,
22,830,831,
763,832,
12,833,834,
90,835,
54,836,
837,838,
305,381,839,
840,
75,841,
54,842,
523,843,
521,844,
12,845,
46,81,846,
447,847,
846,848,
22,849,850,
11,12,22,851,
12,852,
22,853,
854,855,
54,521,856,
75,857,
492,
22,858,
859,
354,756,
355,
275,
198,446,
30,860,
4,725,
12,22,81,763,
276,861,
862,
863,864,
54,865,
22,847,
866,
867,868,
90,869,
213,342,
75,558,
233,870,
839,871,
22,846,872,
846,873,
124,361,
54,521,824,
37,309,
22,49,566,874,
12,106,
12,875,
54,876,
507,521,
54,183,
81,788,
12,877,
54,878,
22,879,
188,880,
22,881,
489,808,
447,
81,800,
22,882,
523,883,
22,508,
22,884,
521,
54,81,846,878,
25,885,
54,880,
12,309,344,
12,852,
521,886,
22,54,183,361,
23,54,
30,492,
54,508,
568,
54,852,
887,888,
90,823,
447,889,
4,98,890,
891,
12,892,
893,894,895,896,
897,
839,898,
11,12,899,
900,
4,578,901,
493,823,
146,902,
22,447,876,903,
781,904,
905,906,
99,233,907,908,
258,447,909,
12,910,
361,911,
12,834,
313,912,
913,
664,
49,
568,
786,
12,834,
447,852,
12,914,
915,916,
616,
12,751,917,
918,919,
916,920,
268,921,
470,
447,922,
447,574,
12,127,668,
22,709,
309,772,
12,755,
590,923,
233,924,
12,709,
22,54,173,825,925,
22,900,
30,836,
12,926,
22,38,
12,81,199,927,
22,248,876,
522,928,
85,
643,929,
22,453,930,
12,22,931,
22,932,
54,808,
12,46,255,
22,933,
99,934,
12,199,808,
66,916,
774,
22,935,
12,901,
51,936,
595,903,
568,
12,54,937,
930,938,
109,939,
127,512,
12,258,
314,940,
354,941,
52,942,
4,875,
12,344,
37,309,
943,944,
945,
309,946,
12,947,
54,568,
22,550,
54,258,
54,948,
70,949,
22,950,
12,229,
12,54,951,
52,568,
12,952,
917,
12,553,
4,953,
4,954,
451,955,956,
12,501,619,
30,957,
12,834,
958,
4,568,
98,959,
595,951,
312,536,
12,258,
12,23,
12,960,
22,447,950,
54,237,
22,765,
22,508,
22,961,962,
54,574,
233,878,
81,289,
237,963,
22,931,
81,964,
22,965,
22,783,
12,568,
966,967,
12,803,
54,258,
64,968,
755,863,
276,969,
199,876,
54,970,
233,971,
37,276,
54,508,
52,264,562,
75,972,
22,973,
54,508,
54,508,
54,342,
22,949,
861,974,
81,233,249,975,976,
977,978,
22,979,980,
560,981,
82,982,
509,983,984,
985,
98,276,
986,987,
372,988,
22,447,989,
447,990,991,
22,847,992,
11,993,994,
995,
996,
997,
998,
999,
195,1000,
1001,
22,199,1002,
124,1003,1004,
1005,1006,
1007,
521,
1008,
12,1009,
372,1010,1011,1012,
1013,1014,
338,1015,
1016,
12,568,
4,1017,
1018,1019,
398,825,
4,992,
11,1020,
11,255,1019,1021,
1022,
941,1023,
508,
447,1024,
23,521,
109,1013,
2,
508,1013,
2,275,
11,852,
2,309,
12,1021,
81,198,
652,654,
54,521,1025,
1026,1027,
25,1028,
199,1029,
22,1030,
11,1031,
12,198,
4,1032,
255,1033,
22,1034,
233,1035,
54,834,
1036,1037,
51,1038,
81,1039,
521,1040,
22,918,1041,
1042,
447,763,
4,11,723,
11,1043,
12,81,672,
22,1044,
13,75,521,
68,233,
155,195,
11,568,
309,1019,1045,
22,1046,
233,293,
54,508,
22,1047,
109,195,
685,1048,
941,1013,
22,54,1001,
22,1047,
560,
1035,
51,137,1001,1049,
1050,1051,
1052,
198,309,
54,508,
12,153,
12,1053,
2,309,
199,1054,
189,198,
22,1037,
81,1055,
54,1056,1057,
199,1057,
22,23,233,
12,574,
198,309,
22,1058,
672,1005,
249,1059,
54,1029,
22,54,447,508,
22,1060,
189,190,
127,460,683,
22,1061,
22,1062,
30,1063,
37,173,
4,1064,
173,249,
22,1065,
45,447,
54,508,
825,
1066,1067,
4,1068,
169,1034,
12,1069,
106,255,
195,1070,
338,992,
12,282,
22,511,
173,508,
54,508,
249,1071,
521,1072,
959,1059,1073,
987,1071,
37,
1074,1075,
1076,
643,1077,
11,1078,
94,1005,1013,
1013,1079,
1013,1080,
199,255,1081,
1082,
123,423,1013,
173,508,1083,
12,354,
2,1084,
12,1028,
81,1085,
447,872,
116,
12,1001,1005,
772,
1086,
1045,
23,
1087,
508,
22,1013,
255,1088,
22,1089,
536,725,
521,1090,
1091,1092,
1093,
81,1094,
11,12,282,447,
22,521,1095,1096,
199,1097,
12,560,
22,1098,
22,1099,
12,22,82,
22,512,
11,1100,
173,183,
22,1088,
309,1101,
22,1077,
54,508,
1102,
1103,
309,1021,
22,1104,
4,1045,
1088,1104,
309,1105,
193,1106,
54,508,
489,1107,
4,1045,
54,1108,
54,508,
22,1109,
199,1110,
22,1111,
12,1077,
12,1112,
193,1113,
193,521,
925,1114,
22,329,
1115,
22,1116,
11,74,
361,1117,1118,
1013,
1119,
74,447,1120,
199,1121,
1122,1123,1124,
586,1125,
37,
293,1126,
1077,1127,
521,1128,
22,1129,
22,1130,
81,1124,
22,1116,
925,1032,
195,992,
51,1131,
106,
293,309,447,
173,447,1013,
1132,1133,
207,1134,
22,1135,
22,1136,
1137,
300,447,
193,1138,
309,1139,
309,1140,
22,199,1062,
22,1005,1065,
1029,1141,
124,255,
348,988,
22,280,
22,293,
75,293,
284,1059,
81,521,
54,1142,
1143,
127,1144,
1119,1145,
255,1146,
195,1147,
22,1148,
22,1149,
309,423,
195,1150,
54,1151,
23,852,
22,484,
22,293,
309,1152,
22,111,
22,1153,
75,293,
51,1076,
22,1154,
173,1155,
4,1124,
74,361,1156,
233,1145,
23,1157,
166,173,
22,1157,
1158,1159,
1160,
22,1161,
1162,1163,
774,1164,
1165,1166,
1167,1168,
503,1169,
974,1170,
109,261,
757,1171,1172,
1173,1174,
1025,1175,
221,1176,
221,1176,
525,1177,
308,1178,
324,
11,185,
173,1029,
697,
1179,
22,1180,
1181,
578,1182,1183,
1184,
1185,1186,
20,1187,
11,249,
1188,1189,1190,
974,1190,
974,1191,1192,
974,
974,1193,1194,
1095,1195,
4,523,1196,
173,1197,
1198,
465,1199,1200,
324,1201,
974,1202,1203,
974,1204,
253,786,1205,
1206,1207,
1208,
22,51,1179,
51,338,423,
1209,
1128,1210,
22,1211,
199,1212,
148,
1030,1185,
173,1213,
624,1214,
163,778,
22,157,
233,974,
354,814,
258,624,
68,193,
68,193,
68,193,
22,1187,1215,
22,127,569,
1216,
22,440,
94,106,
1217,
1218,
199,1032,
173,1113,
81,1116,
1219,
618,974,
22,1220,
22,1154,
51,94,
4,834,
11,220,
81,1221,
12,1181,
1222,1223,
185,
173,1224,
22,148,
22,1225,
233,293,
22,342,
1226,
309,1154,1227,
258,
11,1228,
1229,
11,1230,
303,
1231,
11,964,
1232,1233,1234,
1235,
440,1236,
523,1237,
1238,
22,486,1239,
56,1071,1118,
81,309,1240,
309,1240,
1241,
859,
22,1242,
1243,
1244,1245,
1191,1246,
173,1240,
173,924,
75,1213,
1116,
124,
116,
1247,
81,1248,
866,1107,
756,1249,
173,324,
4,22,1250,
1032,
164,
861,1251,
1252,
1253,
1254,1255,
521,1095,1256,1257,
173,508,
1258,1259,
4,1260,
106,1261,
512,
11,1262,
51,1263,
1021,
109,1071,
173,1264,
98,752,
11,23,
22,75,109,
258,1265,
22,1266,
22,193,293,
22,293,1262,
4,148,
1267,1268,
51,207,1269,
1013,1270,1271,
173,324,
51,95,
1013,1272,
22,1273,
106,164,1274,
786,1032,1275,
1114,1276,
22,1215,
23,1032,
485,508,
22,1277,
22,1278,
22,1179,
717,
22,199,808,
199,233,1029,
1279,
4,1280,
193,1281,
146,247,
109,778,
54,1214,
1005,1262,
49,173,
22,1282,
75,1283,
54,185,
22,194,
652,1284,
195,1285,
22,1286,
813,
309,880,
22,37,338,1287,
81,1288,
22,1289,
22,1290,
22,81,1291,
442,1292,
821,1293,
586,863,
1204,1294,
22,1007,
81,575,
12,81,
54,185,
22,1262,
22,508,
22,76,
22,342,
423,1295,
54,1296,
233,1101,1297,
173,185,941,
173,1214,
233,293,
173,324,
22,1214,
1297,1298,
22,233,293,
51,1032,
75,859,
22,153,
22,293,
22,654,
54,508,
49,
23,75,
75,293,
54,293,
185,
195,1299,
1005,1119,1300,1301,
309,1103,
521,1302,
22,56,1303,
1304,1305,
756,1306,
1307,1308,
4,1230,
116,688,
945,
447,1309,
1310,
1311,
22,1219,
75,1312,1313,
1314,1315,
11,1316,
195,1317,
1318,
98,1059,
56,1319,
964,1119,
1238,
1309,1320,
13,
199,1153,
4,1321,
309,1322,
199,536,
56,1323,
447,1324,
109,1005,
98,1325,
1032,1326,
1293,1327,
12,608,
348,880,
56,159,586,
2,4,56,
768,1328,
11,1329,
22,49,1330,
56,1306,
417,1005,
56,173,586,
688,778,
11,1331,
1332,1333,
22,932,
106,1321,
1153,1334,
22,54,183,185,
22,821,1335,
22,536,1320,
236,1336,
54,851,
54,521,
2,1337,
521,1338,
22,37,
11,54,1339,
22,261,1340,
11,851,
1341,
11,640,
81,185,
22,950,
22,1147,
51,1157,
199,284,
173,1342,
22,765,
233,293,
22,81,185,
22,851,
4,1343,
22,1147,
22,831,
173,394,
54,1344,
22,1345,
1304,1346,
860,
324,1347,
621,1348,
144,1349,
22,435,
173,447,1350,
221,293,
13,
778,1351,
550,652,
1352,
439,778,1353,
441,974,
1354,1355,
813,
81,183,
717,
1356,1357,
75,1165,1358,
713,1029,1359,1360,
173,1361,
193,558,
1362,1363,
1350,1364,
447,1365,
22,1366,
81,1367,
293,1362,
778,1055,
1215,
452,1368,1369,
1368,1370,
22,109,1371,1372,
22,1373,
129,1374,
447,1375,
25,1375,
1153,1236,1295,
54,1370,
643,1376,
683,1377,
54,1204,
75,1378,
22,74,
22,1379,
193,682,
1375,1380,
22,30,
233,1227,
1381,
1382,1383,
1384,1385,
76,1386,
213,1175,1387,
1388,1389,
379,1390,
38,
1391,1392,
148,1393,
159,199,361,1147,
199,1394,
221,439,1395,
1396,
322,
1370,
22,54,1397,
1370,
159,194,
195,575,
185,
523,1398,
508,1399,
508,1399,
974,1400,
509,
1147,
626,
22,1401,1402,
778,1403,
199,1404,
22,502,1362,
51,1362,1405,
958,
195,1013,1147,
1406,
106,1407,
106,1408,1409,
447,1410,
22,233,1411,
1412,1413,
1414,1415,
1380,1416,
51,508,
508,
1417,
1418,
193,1419,
1378,1390,
1420,
1421,1422,
11,22,1423,
22,749,
1424,
1362,1425,
22,813,
22,508,
54,81,159,508,
22,1426,
22,1402,
22,1402,
22,517,1427,
22,1428,
81,183,447,
237,
194,
22,1429,
4,1430,
22,439,1431,
157,199,
11,22,1032,
22,566,
1432,
4,1196,
76,1395,
11,1433,
1153,1334,1395,
1434,
173,322,
81,836,
941,1435,
22,1153,
127,
521,579,
1395,1397,
173,447,1436,
81,1402,
81,470,941,
4,1437,
4,1438,
4,394,1362,
22,1439,
11,106,
22,439,579,
1440,1441,
12,949,
76,532,
70,116,
172,1442,
22,1443,
22,1153,
22,1444,
22,1445,
22,1446,
22,1402,
22,1215,
22,1447,
425,941,
4,512,
440,1380,
1286,
30,1448,
861,
22,199,293,
199,1449,
199,1450,
199,1079,
76,173,
54,508,
54,813,
54,1451,
22,508,1399,
233,1375,
1380,1452,
4,861,
173,322,
54,109,
173,1453,
447,1454,
54,1455,
1456,
23,1402,
22,1457,
185,1056,
12,1124,
22,233,1029,
447,
447,1458,
81,1153,
51,1262,
54,508,
54,423,
54,508,
74,1459,
233,1153,
233,1147,
54,508,
75,1460,
12,1030,
54,1032,
194,447,
11,1325,
1461,1462,
322,706,
470,706,
11,1378,
22,68,
22,183,
22,1438,
22,1463,
69,81,
54,508,
54,185,
54,508,
821,1054,
54,1032,
51,1464,
54,1153,
22,1465,
293,447,
329,1380,
54,851,
2,22,54,
70,1466,1467,
173,446,
123,763,
54,470,
81,1468,
578,1469,
1362,1470,
1370,
11,1153,
447,1471,
109,
25,1472,1473,
38,
1039,1348,
532,1203,
22,508,
1474,
1005,1203,
11,659,
12,173,1236,1475,
194,
199,640,
51,68,
98,1195,
4,98,1476,
778,1477,
70,1478,
169,1479,
1115,
185,547,1480,
22,1481,
11,194,
1039,
54,547,
194,
22,470,1039,1482,
12,22,237,
289,1483,
98,1195,
233,1484,
4,1485,
22,194,
1032,1486,
486,
486,
32,974,
173,284,
1487,
194,
173,508,
81,620,
11,76,
194,233,
652,1025,1488,
22,437,
1039,1489,
12,1433,
51,1285,
233,1490,
778,1217,
22,1491,
12,1492,
54,508,
4,11,1114,
22,199,1348,
75,508,
75,1493,
193,1494,
4,1375,
22,1477,
309,1495,
776,778,
22,185,
54,199,1375,
22,1224,
30,1181,
23,1375,
75,717,
95,129,
22,75,124,
22,185,
185,233,
129,503,523,1496,
1497,
1498,
974,
1021,1499,1500,
12,22,1501,
439,523,1468,
1013,
159,1502,
361,1503,
38,169,882,
692,1504,1505,1506,
11,54,763,846,1507,
69,1508,1509,
326,763,1510,
1511,
22,1340,
81,1512,
1513,1514,
22,159,1157,1515,
1380,1516,
22,1517,
763,1518,
22,1519,
23,1520,
49,925,
1521,1522,
813,1448,1523,
1448,1523,
199,361,1524,
1525,1526,1527,
763,1196,
1528,
1529,1530,
1531,
54,233,1532,
1533,1534,1535,
1533,1536,
1380,1537,
1538,
22,1539,
37,
713,941,
22,1540,
81,221,236,
1541,1542,
1498,
12,
1543,
983,1506,1544,
22,123,983,1545,
1175,1546,
447,1547,
22,1079,
1548,
23,1549,
432,
22,54,503,851,1550,
38,195,1551,
193,220,1552,
258,
22,1553,
437,1554,
729,1555,1556,
1557,1558,
503,1079,
11,1559,
22,237,
22,1560,
1561,
22,1562,
1550,1563,
193,682,
193,682,
520,1380,
437,1302,
199,1564,
439,861,
394,
11,1371,
1565,
81,1274,
763,1262,1362,
439,861,
54,81,1566,
1567,
81,509,
1568,1569,
12,437,
26,
11,22,1520,
1217,1570,
12,368,1150,1498,1571,
1572,1573,
22,619,
1498,
22,1574,
22,54,1575,
22,1576,
22,1577,
22,1145,
22,1113,
22,1355,1578,
185,837,
193,682,
1355,1498,
199,1380,1579,
1490,1580,
503,512,
199,1581,
503,1582,
23,54,
22,1583,
1584,1585,
25,1586,
173,293,
98,293,
193,233,293,503,
1587,
81,763,
22,109,
22,451,547,
54,508,
123,1588,
22,1549,
22,996,
22,1007,
22,1119,
195,1589,
22,813,
11,22,861,
776,
1575,1590,
338,1490,
338,430,
503,1591,1592,
54,1593,
123,1594,
146,1595,
22,437,
1596,1597,
22,1598,
1599,1600,
643,1601,
22,1287,
22,1577,
22,1575,
109,1362,
54,1602,
503,508,
185,1380,
14,361,
22,1603,
22,1604,
22,1262,
22,1553,
22,1558,
22,293,
54,878,
54,1114,
54,249,
70,1605,
134,1606,
22,1607,
199,1594,
1443,
1608,
22,389,1609,
558,1610,
1611,
1612,1613,
54,851,
1614,1615,
22,1616,
1615,
763,
22,54,258,
81,183,1362,
22,1368,
99,439,
1165,1617,
1618,
1434,
1395,1619,
1620,1621,
1622,
179,1623,
4,1498,
22,1624,
22,447,1119,
919,
1490,
261,1380,1625,
11,813,1156,
22,502,
22,1363,
173,503,1626,
1549,
13,
22,185,1627,
195,1628,
503,520,
447,1629,
22,1630,
22,1375,
1236,1631,
22,1632,
22,1633,
502,1362,
54,1634,
11,22,1635,
813,1636,
129,1549,
1498,1637,
763,1638,
173,185,503,1506,
22,503,1204,
1639,
11,1640,
22,1262,
22,1641,
22,437,
22,1536,
173,640,
22,682,
22,1642,
81,289,
51,1274,
326,1643,
22,1577,
22,1557,
22,1288,
22,173,185,
12,447,
1056,1380,
22,51,579,
532,1362,
4,1262,
32,523,
22,512,
22,1077,
22,179,
22,579,
25,1375,
173,342,
1644,1645,
49,
173,1642,
813,1564,
233,1434,
22,1114,
4,619,
22,74,
22,579,
99,173,
32,173,
22,1646,
22,1557,
22,1363,
199,1375,
22,1272,
22,586,
258,1395,
755,
23,974,
1647,1648,
354,
1077,1649,
326,1650,
11,1651,
261,1652,
22,1653,
517,1654,
54,1575,
1655,
76,
30,446,1498,1656,
439,1657,
199,1658,
22,1659,
439,1660,
11,1661,
361,1236,1662,
439,1660,
1552,1663,
106,523,
1664,1665,
193,339,
1666,1667,
22,51,1668,
1669,
1670,1671,
173,1672,
1673,
337,1656,1674,
81,508,
54,508,
22,66,68,
22,1675,
22,1676,
878,
1677,1678,
22,1679,
4,1680,
54,1114,1362,
23,437,
566,643,1552,1681,
633,1682,
123,1683,
643,1684,
1119,1577,
1677,1685,
1016,
173,196,
123,1686,
213,1687,
1688,1689,
30,1521,
75,1619,
508,
22,1257,
1690,1691,
22,1455,
22,1692,
22,1446,
22,1693,
30,98,
1382,1694,
22,201,
22,1695,
75,1696,
22,1030,
22,1697,
22,470,
1362,1657,
326,809,
37,439,
22,1698,
54,911,
195,1575,
1157,1699,
173,1074,
54,508,
173,183,
54,1700,
173,640,
11,22,1540,
23,706,
22,1701,
22,1702,
146,1701,
23,193,
941,1703,
22,1704,
22,1705,
22,1706,
4,30,
54,508,
173,1707,
4,1708,
195,1686,
173,1709,
22,1710,
1711,
22,672,763,1712,
81,1713,
1157,1714,
1056,1390,1715,
1716,1717,
109,1718,
1719,1720,
146,1721,1722,
70,183,
1723,
1724,1725,
1656,1726,
1438,1677,
1727,
305,1728,
22,1729,
439,
1730,1731,
647,1380,1732,
173,446,
1733,
1236,1734,
12,1735,1736,
624,1737,
14,22,
258,
1276,1738,
1735,1739,
1647,1740,
1380,1741,
201,
1742,
624,1743,
1744,1745,1746,
1747,
179,388,
22,912,1748,
1749,1750,
22,1751,
30,1752,
81,1729,
22,127,987,
146,1639,
1443,1735,
1252,1735,
22,1753,
22,1754,
22,99,
22,121,
11,173,1740,
423,
106,
509,
183,
1380,1755,
338,1756,1757,
12,1743,
9,1758,
195,289,1759,
1760,
1719,1727,
1761,
925,1762,1763,
4,1660,
1764,
763,1765,
1766,1767,
439,593,
22,1016,
81,1768,
293,941,
1757,
70,293,
11,1619,
51,1769,
1506,1770,
195,677,
669,
446,1771,
1540,1772,
199,1735,1773,
293,574,1157,
439,1774,
173,1747,
11,1775,
22,1776,
22,129,1759,
173,1647,1759,
1443,1735,
185,1735,
22,1692,
22,1777,
22,111,
22,1778,
185,199,1157,
1712,1779,
173,254,1677,
289,1780,
173,1580,1781,1782,
1314,1783,
22,173,1784,
4,1728,
233,379,
12,1785,
1786,
583,1787,
75,713,809,
22,293,
22,233,293,
22,146,1737,
1157,1788,
75,109,173,1677,
1619,1789,
75,1558,
199,1790,
22,1723,1791,
470,1735,
54,1792,
1793,
22,1794,
199,1795,1796,
293,1647,
54,488,574,
22,1686,
54,1797,
12,1798,
249,1571,
173,366,
22,1686,
22,406,
1686,1781,
195,1799,
173,1101,
437,1079,
54,437,
195,1800,
54,583,
233,1724,
173,575,
22,1801,
54,1802,
22,293,
293,
1455,1677,
1686,
23,
1701,1803,
