810,972
1,2,
3,4,
5,6,
6,7,8,
6,9,10,11,
3,12,
13,14,15,
16,17,
18,19,
20,21,22,
1,3,23,24,
25,26,
27,28,
29,30,31,
32,33,
34,
35,
6,36,37,
38,39,
40,
6,7,41,42,
40,
43,
44,45,
46,47,
9,48,
6,11,
49,50,
51,52,
36,53,
54,
6,55,
6,7,56,
6,14,57,
6,58,
6,59,
6,7,60,
6,54,
19,61,62,
55,63,
6,64,
13,14,
65,66,
3,60,
6,67,
6,68,
69,70,71,
36,55,
22,
26,41,
10,44,
19,72,
58,
73,74,
75,
76,77,
78,
6,55,
6,79,80,
36,81,
3,82,
7,83,
6,7,84,
6,45,
85,
6,55,
6,86,
6,87,
88,89,
90,91,
7,92,
10,65,
93,94,
6,95,96,97,
36,98,
10,99,
100,101,
102,103,
36,52,
58,
6,36,93,104,
19,
7,105,
3,106,107,
87,
41,108,
3,7,10,109,
110,
8,52,111,
6,112,
6,36,113,
72,90,
73,114,
86,93,115,
6,55,
6,116,
73,117,
58,118,
119,
36,93,113,
120,
13,73,
76,121,
3,52,
6,48,
41,122,
8,123,
52,
6,124,
99,
41,125,
126,127,
55,
6,128,
6,129,
114,130,
131,132,
133,134,
135,136,
100,137,
138,139,
1,6,9,140,141,142,143,
1,81,144,
145,
146,
141,143,147,
36,148,
149,150,151,
152,153,
6,154,
6,154,155,
6,36,143,156,
7,36,42,
45,157,
6,143,158,
6,143,159,160,
161,162,163,
6,164,
6,165,166,
6,126,167,
9,168,
6,7,36,169,
7,170,
171,172,173,
6,174,175,176,
31,177,
42,172,
36,178,
173,
179,
180,181,
7,182,
7,81,
183,
150,184,
185,
7,186,
187,
176,
188,
100,189,
6,55,
6,167,
55,190,
7,86,
6,70,191,192,
7,70,167,
36,82,
6,193,
1,6,8,36,168,
6,36,70,100,
6,194,
195,
6,169,
79,196,
36,55,
9,195,
36,197,
36,198,
1,79,199,
200,201,
3,38,
6,8,168,
145,160,
80,202,203,
195,
126,204,
205,206,
7,207,208,
149,209,
36,42,126,
193,195,
210,
6,129,
36,211,
86,212,
1,192,
213,214,
205,215,
10,216,217,218,219,
3,6,194,
8,220,
192,221,
3,6,169,
6,222,
7,223,224,
41,176,
225,226,
31,
52,
106,227,
228,229,
176,230,
52,
6,73,231,232,
58,
233,
7,20,
200,234,
6,176,200,
235,236,
6,9,10,237,
238,239,
7,240,
195,
14,241,
242,
58,
89,195,243,244,
6,245,
6,9,71,
6,179,
52,
78,235,246,
9,36,247,
79,248,
195,249,
36,70,179,
36,57,
9,250,
6,184,
195,228,
36,195,
6,48,
251,
36,252,
5,36,
195,
195,
179,200,
10,36,109,
88,253,
6,254,
52,
195,249,
200,255,
36,239,
79,179,
6,52,
195,
65,179,
6,52,
256,257,
52,
13,243,
200,258,
179,
259,260,
200,261,262,
6,45,
6,263,
6,252,
6,52,
6,255,
264,265,
36,
6,45,
6,45,
6,48,
6,266,
6,45,
267,268,
126,160,269,
6,149,270,271,
10,79,272,273,
274,275,
81,82,
204,276,
6,167,
6,36,167,272,
277,278,
7,279,
3,68,280,
280,281,
70,282,
76,276,283,284,
277,285,
1,169,
7,286,
287,
6,288,
7,289,
109,274,290,
1,6,41,291,
292,293,294,
88,295,296,
1,297,
36,298,
9,299,
292,300,
301,302,
37,303,
6,304,
272,300,
5,149,305,
141,306,
1,48,
42,279,
6,307,
36,308,309,
310,311,
312,
9,313,314,
36,79,315,
6,36,316,
317,
1,318,
82,319,
320,
321,
6,82,322,
36,277,323,
6,323,
6,324,
6,299,
6,325,
6,52,
6,316,
6,36,309,
52,326,
327,328,
81,329,
145,277,
70,330,
277,331,
10,216,
36,
76,332,
333,334,
1,277,335,
6,336,337,
150,281,
255,338,
55,
7,339,
1,340,
341,342,
7,343,
41,79,343,344,
7,345,346,
277,337,
79,347,
45,348,
348,349,
350,
320,351,
1,6,307,
352,
6,337,
25,277,346,353,
6,354,
1,355,
3,7,9,356,357,
277,358,
3,52,
359,360,
41,45,
9,361,
362,
323,363,
6,346,
6,145,
231,364,
365,366,
56,
36,
147,343,367,
6,368,
1,37,41,369,
37,299,
7,294,
6,370,
1,371,
7,372,
345,373,
189,374,
10,375,376,
147,372,
6,307,
6,377,
6,378,
79,145,
240,379,
6,380,
381,
36,42,
3,382,
6,323,
383,384,
385,
272,386,387,
252,
52,
388,
36,51,389,
389,
6,36,48,
1,362,
390,
391,
392,393,
9,207,394,395,
6,396,
196,
397,398,
52,
52,
7,331,
399,
41,400,
7,193,
23,41,
401,402,
403,
6,7,81,
404,405,406,
1,6,407,
408,
6,36,389,
85,394,
6,81,
36,409,
6,36,410,
6,36,411,412,
6,36,413,
36,346,
79,414,415,
416,417,
7,418,
1,419,
420,421,
7,402,
6,422,
6,399,
6,8,423,
7,391,
424,
425,
426,427,
41,428,
36,429,
7,299,
430,431,
200,299,
6,432,
36,52,
433,434,435,
394,400,
6,436,
437,
31,
6,438,
6,309,
81,401,
439,440,
441,
6,442,
6,443,444,
332,
79,445,
36,444,
442,
36,446,
36,51,447,
6,36,448,449,
6,36,413,
7,36,450,
36,451,452,
272,310,
7,189,
36,444,
70,287,
6,444,
82,444,
6,92,
6,415,
442,453,
366,454,
56,
455,456,
8,457,
7,458,
459,460,
1,6,7,461,
6,462,
463,464,
465,466,
188,467,
51,79,468,
7,36,346,
7,467,469,
470,471,
7,411,469,470,472,
8,473,
470,474,
6,469,
7,384,472,
41,45,
3,469,
79,277,469,472,
6,346,
6,475,
6,469,
6,355,
41,476,
477,478,479,480,
481,482,
277,483,484,
45,485,
150,486,487,
488,489,
490,491,492,
493,
41,494,
495,
52,
52,
496,497,
6,304,
366,482,
482,498,
8,499,
6,81,
6,482,
90,494,
500,
501,
366,502,
6,503,
6,10,42,504,
6,10,482,
52,505,
52,
52,
6,493,
6,51,
366,506,
507,508,
6,7,509,
141,510,511,
1,81,
512,
7,23,41,432,513,
299,514,
7,515,516,
52,
79,517,
6,36,518,
6,519,520,521,
128,
6,10,522,523,
52,212,
230,524,
176,
76,525,
346,526,
473,510,
6,447,527,
528,
36,51,469,
79,452,
463,529,
41,530,
6,531,
277,532,
19,533,
6,346,534,
6,277,535,
6,41,432,536,
7,537,
42,394,
7,538,
126,539,
6,42,
6,9,432,
7,540,
10,19,
8,499,
541,
8,277,542,
8,366,543,
534,544,
545,546,
547,
9,548,
277,549,
536,550,
493,534,
551,552,
10,553,
6,554,
555,556,
56,
277,557,
6,141,366,
458,
383,558,
431,559,
6,560,
7,561,
7,511,562,
42,51,
51,432,
467,473,
6,36,563,
7,432,
564,
42,51,
51,209,
42,79,
41,435,565,
566,567,
6,176,
6,7,568,
10,569,
81,570,
51,571,
6,572,
522,573,574,
8,473,
6,575,
6,36,511,
6,13,
90,473,
576,577,
79,578,
6,432,
92,277,
564,579,
23,580,581,
582,583,
584,585,
160,586,
52,
36,587,588,
589,590,
591,
7,383,
580,592,
7,51,82,591,593,
7,9,506,
160,592,
7,589,
564,594,
595,
52,580,
596,597,
150,598,599,
594,600,
36,576,601,
23,
602,603,
1,6,9,604,
424,605,
52,
52,
52,
606,607,608,
424,
45,609,
41,610,
6,36,69,611,
6,612,
9,52,
52,
7,613,
614,615,
616,
36,617,618,
6,45,619,
594,620,
621,622,
623,624,
52,
625,626,
627,
617,628,
396,629,
630,631,
90,632,
6,633,
346,522,634,
9,52,
419,635,
1,591,
6,36,636,
36,618,637,
90,638,
45,576,
10,639,640,
36,637,
41,641,
52,642,
522,603,
69,82,
7,643,
6,644,
6,592,
645,646,
6,447,
69,647,
1,324,
36,648,
36,649,
52,366,
650,651,
619,652,
619,626,
42,366,
45,619,653,
6,619,654,655,
52,
52,366,
3,461,
656,
32,657,
6,658,
6,45,
366,506,
522,659,
10,660,661,
633,
27,52,
662,663,
9,79,410,
366,616,
6,45,
617,664,
665,666,
6,45,
6,667,
668,669,
36,583,617,
506,617,
617,670,
36,
6,45,
6,330,
305,373,
585,
6,592,671,
672,673,
674,675,
6,76,676,
6,618,
647,677,
36,678,
676,679,
9,676,
9,677,
534,680,
681,
6,612,682,
7,330,
683,684,685,
6,7,310,
591,686,
301,687,
445,647,
36,406,688,
36,76,305,689,
6,648,
6,45,
10,45,
6,76,690,
586,691,
232,588,
6,391,648,
6,232,
692,
6,592,676,
36,76,88,693,
6,7,48,
7,588,690,
6,694,695,
6,36,696,697,
698,699,
82,346,
700,
701,
9,82,
48,76,
6,36,534,702,703,
36,704,
88,705,
7,706,
36,707,
7,9,708,
394,562,709,
330,
90,676,710,
7,36,308,
36,711,
76,592,
345,391,
51,712,
9,713,
394,714,
6,145,
647,715,
716,
584,717,
7,717,718,
717,
6,591,
6,9,718,719,
720,
52,
6,721,
6,608,
7,722,
723,
6,7,609,720,
724,
232,725,
7,585,726,
647,727,
141,513,
85,676,
6,9,703,
7,718,728,
76,729,
580,717,
6,721,
52,726,
9,730,
396,
7,731,
176,231,
6,732,
733,734,
6,735,
8,736,
737,738,
739,740,
741,
81,305,
52,
742,
737,743,744,
6,745,
6,746,
6,747,
7,676,
6,76,637,
748,749,
6,9,36,750,
751,752,
524,
241,753,
6,676,
9,676,
36,82,676,
6,676,
7,754,
6,52,394,
6,676,
7,755,
7,676,
7,36,676,
618,743,
298,676,756,
6,412,757,758,759,
7,744,
9,760,
9,676,
9,676,
6,676,
6,676,
7,637,
9,10,761,
36,676,
6,733,
9,762,
676,763,
6,676,
9,676,
7,637,
649,
764,
745,
6,7,79,765,766,
79,767,
6,9,10,36,676,
91,
9,524,
768,769,
36,770,
6,36,771,
6,772,
48,588,
773,
774,775,776,
6,773,
777,
9,126,758,778,
779,780,
7,769,
36,141,781,
676,782,
6,676,
6,305,676,
783,
784,
6,676,
6,676,
6,785,
676,786,787,788,
6,789,
676,790,791,
10,305,792,
9,38,
241,648,793,
794,
6,795,
588,776,
36,796,797,
277,676,
6,36,255,
8,798,
6,9,799,
6,676,
36,661,
800,
36,676,
6,676,
6,676,
9,801,
6,36,802,
5,
6,676,
79,676,
9,69,797,
6,803,
9,676,
36,676,
7,797,
7,38,
9,676,
9,804,
6,676,
36,805,
9,806,
36,676,
36,676,
6,676,
804,807,
9,808,
7,676,
6,809,
65,255,
7,810,
