822,1347
1,2,
3,4,5,6,
7,8,
9,10,
11,12,13,
14,15,
16,17,
18,19,
17,18,20,
21,22,
23,24,
25,26,27,
28,29,
30,
31,32,
33,34,
35,36,
37,
38,39,
40,41,
42,43,
44,45,
46,47,
40,48,
40,49,50,
51,52,
40,53,
54,
28,40,
55,56,
40,57,
58,59,
30,40,44,
30,46,49,
60,61,
36,62,
61,63,
18,48,
38,64,65,
44,66,
67,
68,69,
40,70,71,72,
45,73,
64,74,
40,75,
76,
77,78,
79,80,
81,82,
26,83,84,85,
86,87,
33,77,88,
89,
90,91,
92,
55,56,
93,94,95,
56,
28,96,97,98,
98,99,
77,100,101,
102,
100,
103,104,
105,
40,106,
107,108,109,
44,110,
94,111,
17,28,112,113,
114,115,
116,117,
118,119,
40,95,
120,
48,116,121,122,
77,85,
34,82,116,
40,123,
20,124,
125,126,
127,128,
121,129,
130,131,
17,
132,133,
116,132,134,
135,
44,105,
136,137,
48,116,
112,138,
46,139,
87,
18,116,140,
44,141,
116,142,
40,67,
40,61,
46,105,143,
24,132,
85,144,145,
146,147,
56,121,
67,116,
116,148,
149,
56,132,
4,34,
28,97,
77,85,
67,98,
40,48,
112,150,
93,139,
151,152,
98,130,132,
20,116,
153,154,
155,156,
53,155,
82,
40,116,130,
121,157,
56,132,
40,158,
40,88,
24,103,116,
116,159,
46,99,
53,122,
40,110,
155,160,
40,161,
116,162,
94,163,
28,29,112,
155,164,
40,162,
36,165,
77,101,
33,166,
167,168,
121,160,
53,132,
94,116,
100,169,
116,170,
46,171,
116,172,
40,173,
48,116,
67,174,
122,175,
48,176,
177,
28,111,116,
34,40,178,179,
126,180,
48,181,
182,
67,183,
48,58,184,
53,185,
186,187,
188,189,190,
28,191,
49,147,192,193,
49,194,
195,196,
197,
53,
28,29,
48,103,176,198,
183,199,200,
122,183,201,
202,
49,67,
77,203,
67,71,186,
34,122,176,204,205,
98,206,
116,184,207,208,
40,147,
147,193,209,
30,42,
210,
27,211,
114,116,
18,61,
48,116,
147,183,
114,
40,67,183,
28,46,
212,213,
182,
28,103,
40,214,
40,215,
49,216,
132,217,
4,218,
17,44,111,
17,
30,40,
110,116,
67,112,219,
220,221,
4,183,
89,222,
183,187,
187,198,
183,223,
49,147,
112,224,225,
116,226,
209,227,
28,116,
98,112,194,
33,40,
116,228,
48,71,186,204,
49,228,
49,229,
182,193,
214,230,
40,61,
231,232,
40,110,
233,
234,235,
116,214,
28,112,
28,116,
17,236,
61,183,
28,183,
176,237,
28,238,
49,239,
110,
122,240,
168,241,
44,242,
40,243,
116,128,
114,244,
28,122,
132,245,
71,246,
28,186,
28,153,
28,116,
184,247,
40,187,
248,249,
94,184,
28,116,
94,184,
67,250,
251,252,
103,253,254,255,
169,197,256,257,
71,258,
259,260,
261,
48,259,262,
255,
130,263,
259,264,
262,265,
40,266,
77,98,266,
259,267,
116,268,
116,162,
176,269,
48,116,
46,270,
145,259,262,
145,271,
48,259,
48,259,
46,73,
40,272,
40,273,
116,274,
116,219,
40,274,
211,266,
44,275,
116,276,
259,274,
259,277,
116,162,
48,259,
116,274,
67,176,264,
103,259,278,
279,280,
281,282,
48,116,
262,283,284,
285,
176,241,286,
24,259,
259,284,
287,
284,288,
82,259,
289,
44,266,
45,290,
28,71,
48,262,
40,284,
40,144,286,
103,291,
48,144,176,262,292,
103,293,
40,293,
259,284,
34,48,145,186,259,
61,262,292,294,
259,295,
40,198,296,
40,266,297,
259,298,
46,289,
299,300,
48,259,
40,135,284,
83,116,268,
162,301,
43,302,
40,303,
40,304,
284,292,
162,305,
40,48,
48,112,
40,284,
176,
103,306,
82,259,
28,259,
176,307,
103,231,308,
145,309,
144,262,310,
132,145,259,294,
311,
40,312,
313,
176,
116,259,266,292,
259,314,
315,316,
144,267,
40,162,
40,228,
48,116,
116,286,
48,259,
48,259,
259,317,
85,259,
259,284,
40,48,259,
89,116,
135,
259,268,
40,219,
34,292,318,
259,284,
40,46,319,
46,320,
259,284,
40,154,259,
46,321,
284,292,
322,323,
259,324,
268,294,
40,259,262,325,
40,326,
40,327,
145,199,268,
259,328,
132,255,
198,259,329,
40,176,199,
100,298,
28,83,
259,284,
116,285,
48,259,
67,259,
259,330,
116,219,
40,331,
40,228,
259,332,
28,71,
48,145,
53,259,
259,333,
103,284,
4,241,
303,334,
116,325,
335,336,
45,145,
259,298,
259,337,
259,284,
259,284,
259,321,
338,339,
28,259,
28,259,
130,259,
67,259,
67,334,340,
36,308,
40,259,341,
40,71,211,342,
261,
17,18,259,343,
292,297,308,344,
112,322,345,346,
263,347,
37,
121,348,
296,349,
110,
36,48,186,
46,121,259,350,
351,352,
353,
48,259,
36,48,
110,
36,102,112,
20,36,346,
40,127,259,354,355,356,
40,357,
259,358,
116,321,
36,308,
43,116,
67,359,
40,67,341,
36,259,355,
147,259,
360,361,
116,362,
75,77,
292,362,
130,
259,363,
121,346,
36,132,364,
20,116,
40,103,365,
28,144,
366,
103,296,
36,165,
56,116,
103,339,
103,367,
116,366,
116,123,
262,
368,369,
316,370,
112,121,211,322,371,
112,259,372,
63,67,112,
56,121,
103,162,
292,331,
373,374,375,
46,376,
259,377,
241,364,
40,173,
33,378,
48,153,
379,380,
132,381,
17,121,344,
259,382,
199,259,
259,383,
110,219,292,
153,384,
159,385,
67,132,
130,132,
4,198,
43,386,
121,135,
387,388,
103,389,
259,390,
48,97,
259,355,
44,391,
60,392,
130,259,
17,182,
23,77,259,284,
67,393,
67,71,186,259,
394,
40,48,259,
259,341,395,396,
259,397,
197,
259,284,
259,284,
398,
162,176,185,399,
259,284,
50,259,
342,400,
41,259,
401,
116,402,
48,116,
40,326,
44,46,144,255,334,
37,98,
176,255,
259,403,
45,259,
404,405,
46,406,407,408,
259,409,
259,410,
411,412,
34,413,
40,268,
83,255,
112,402,
255,259,
48,112,116,
83,103,135,
53,
145,414,415,
43,211,
259,416,
417,
40,418,
259,419,
40,417,
112,116,268,
145,176,186,259,
259,420,
48,116,
259,421,
199,422,
259,423,
259,424,
100,259,
34,420,
259,401,
144,255,
116,255,
162,259,
425,
135,426,
116,153,427,
48,116,
259,423,
48,259,
48,259,
135,259,
397,
48,116,
255,428,
322,420,
48,259,
255,259,
40,85,
259,429,
430,
431,
399,432,
40,204,275,433,
434,
48,135,435,436,
83,116,266,
259,437,
85,116,
255,
40,85,259,
438,
417,
48,263,
198,313,
40,135,439,
40,399,440,
40,441,
46,442,
144,443,
103,444,
85,198,
40,445,
40,48,
259,446,
147,428,
48,116,
447,448,
432,449,
44,331,
259,450,
40,451,
40,262,
103,452,
44,407,451,
40,48,
354,453,
454,455,
67,259,275,456,
48,259,
259,457,458,
459,
259,460,
103,460,
48,183,259,
259,461,
259,462,
463,464,
370,465,466,467,468,
100,469,
18,23,40,262,
85,135,262,407,
186,275,
259,279,
259,428,470,
186,266,399,471,
135,259,399,472,
103,145,473,
103,262,341,
259,399,474,
177,259,
438,475,
153,266,
471,476,
28,428,
477,478,
40,407,
103,479,
40,103,162,
40,275,
259,480,
259,266,
85,135,
292,423,
259,407,481,
259,482,
85,259,399,
40,255,483,
259,333,
28,83,259,
48,183,
48,103,
48,428,
40,255,
174,259,
40,53,
259,484,
116,259,485,
259,415,
40,85,
73,259,
259,423,
177,486,
40,471,
48,259,
40,487,
488,489,
48,259,
116,420,
428,490,
48,83,
144,491,
40,275,
259,423,
48,116,262,453,
48,453,
116,262,453,492,493,
40,259,453,494,
176,259,495,
67,259,399,
48,113,231,453,496,
497,
135,498,499,
48,496,
48,77,
167,259,500,
132,382,
48,111,135,186,198,
48,176,496,
24,77,
67,259,
501,502,
112,288,503,
28,116,262,
114,259,262,504,
41,116,186,453,
46,176,259,505,
40,77,506,
77,507,
496,508,
148,509,510,
274,511,
77,496,512,
77,369,
259,513,
453,514,515,
231,382,
382,496,
259,496,516,
517,
77,518,
22,
259,504,
144,519,
259,520,521,
522,523,
259,524,
496,525,
259,526,
48,103,527,
334,335,528,
124,504,
28,103,
48,116,
529,530,
17,77,
83,499,
259,531,
67,532,
116,533,
259,534,
17,535,
77,536,
135,537,538,
116,539,
259,262,
28,259,
44,369,
259,540,
48,496,
48,58,
427,496,
77,146,
259,541,
135,538,
542,543,
544,545,
546,547,
259,548,
28,103,
259,366,
116,549,
44,85,135,198,259,
24,135,262,
38,46,
262,550,
40,155,199,535,551,552,553,
259,554,
28,259,262,
116,555,
28,262,
116,259,556,
28,259,
48,103,
73,116,
259,310,
40,417,
44,557,
40,48,262,
109,558,
259,559,
40,560,
116,535,
103,109,
83,517,
40,453,561,562,
46,563,
537,564,
284,496,
40,565,
62,176,
10,
88,135,566,
40,259,535,567,
259,292,568,
135,377,
259,569,
53,
366,
40,259,570,
259,571,
259,284,
116,407,504,
135,572,
40,299,
40,573,
67,574,
75,259,
103,135,
34,259,512,
40,48,
67,259,
40,67,
259,366,
259,502,
575,
259,576,
40,577,
259,578,
83,579,580,581,
40,582,583,
46,177,
259,262,453,584,585,
145,586,
162,186,211,453,
48,103,
587,588,
40,566,
46,83,116,162,
274,511,589,
177,
116,590,
174,259,
40,103,591,
259,327,407,
44,58,592,
48,259,
36,103,554,
40,103,593,
199,259,
40,162,
83,594,
259,570,
63,259,585,
176,259,581,
40,112,595,596,
67,112,453,596,
284,597,
100,259,
40,83,162,
40,415,
259,598,
259,599,
48,600,
197,
259,536,
145,259,601,
112,284,
67,453,602,
603,
112,453,604,
46,502,
40,48,259,605,
211,274,
48,116,186,
44,259,274,
259,262,344,606,
176,255,
81,176,284,
67,607,
453,
259,608,
40,186,453,
407,453,609,
259,610,
259,453,611,
259,612,
40,259,279,
198,213,262,
326,613,
67,112,
112,284,
259,284,
97,502,
284,614,
176,615,
259,397,
41,616,
40,397,
40,617,
40,415,
83,162,259,
40,407,588,
116,618,
83,415,
259,453,611,
259,619,
259,620,
259,535,621,
259,622,
259,593,
259,284,453,
116,284,
112,176,504,
40,623,
614,620,
40,284,
176,186,284,
85,
40,292,624,
625,626,
40,608,
116,627,
453,628,
259,570,
259,629,
259,630,
504,631,
255,
112,255,
259,632,
40,259,633,
116,634,
635,
535,636,
116,588,
453,637,
259,585,
42,255,
67,162,
103,638,
103,639,
259,640,
116,259,611,
40,74,453,641,
40,453,642,
48,98,259,
40,518,
259,643,
40,103,453,644,
40,474,
83,645,
259,646,
259,533,
153,518,
40,75,
40,42,418,
259,535,567,
259,638,
83,259,574,
40,647,
56,648,
67,112,
259,649,
42,599,
40,67,176,262,
40,98,518,
524,650,
103,518,
24,116,
112,284,
98,219,
40,67,
599,651,
40,453,652,
17,292,653,
43,
43,
28,
67,231,259,453,
169,274,
40,504,
176,654,
112,176,513,654,
193,655,
656,657,
40,98,585,
40,67,
48,98,
259,590,
590,658,
28,
259,585,
40,448,
112,659,
17,40,
103,660,
174,407,
24,199,661,
24,662,
474,600,
299,
48,79,
298,663,
664,
48,305,399,
116,176,399,659,
259,298,665,
40,284,
40,75,407,
259,590,
40,259,666,
186,259,504,
40,48,259,453,
40,219,407,
125,667,
259,535,668,669,670,
40,590,
259,262,671,672,
404,590,
40,621,
259,665,
259,673,
116,453,674,
46,675,
259,676,
614,677,
116,327,
259,678,
98,259,677,
73,231,
40,665,
679,680,
17,681,
48,176,
231,682,683,
50,399,
111,259,470,
259,623,
259,684,
48,259,
103,554,
685,
448,
259,588,
186,322,399,674,
259,686,
116,366,453,
40,255,
112,474,
40,665,
687,688,
259,674,
48,259,
46,689,
145,259,690,
40,585,
116,259,691,
24,40,
40,259,339,
40,259,684,
116,692,
116,570,
110,
259,665,
186,693,
48,378,
40,583,
186,694,
40,695,
259,508,
197,
49,135,
40,67,
24,103,
40,683,
259,674,
40,696,
255,259,697,
197,
24,40,103,145,399,
572,
17,535,653,
145,698,
259,262,453,614,623,
259,585,699,
169,532,
103,186,700,
40,701,
40,186,259,702,
24,703,
40,144,186,453,704,
40,653,
44,255,
145,399,453,693,
259,705,
48,259,
706,
262,707,
103,708,
259,709,
199,259,262,710,
46,711,
48,
40,103,453,712,
83,713,714,
259,262,702,
24,116,
103,186,614,715,
48,305,
407,453,
98,716,
399,590,
259,590,
44,48,259,
116,255,
28,259,
103,504,
717,
116,718,
40,48,
521,719,
103,116,685,
67,305,
98,570,
259,720,
399,721,
535,722,
186,623,
262,554,
535,722,
723,
17,83,
259,665,
572,
724,725,
83,259,726,
116,259,725,
284,727,
399,728,
453,725,
24,83,259,729,
97,120,
22,
17,259,
259,730,
40,298,731,
249,
46,262,451,732,
40,135,733,
48,176,259,
554,734,
259,735,
284,
736,737,
176,276,
738,
739,
614,740,
28,40,262,
259,298,741,
262,742,743,
259,366,
744,745,
326,746,
176,284,
399,747,
67,116,259,
145,262,614,725,
614,740,
415,
17,67,259,
322,
399,725,748,
21,22,259,
116,654,
40,48,259,
111,193,
259,732,749,
40,566,
40,740,
75,750,
144,725,
24,83,176,
44,259,362,
40,48,
28,29,
733,751,
116,554,
40,752,
116,753,
116,735,
135,259,
67,259,
739,
111,259,407,
48,259,
48,259,
259,754,
259,755,
259,756,
67,259,
259,757,
40,758,
759,760,
259,761,
169,614,762,
176,
98,259,699,
48,176,
48,167,259,
48,399,
262,763,764,
17,24,116,259,
259,665,
259,276,
174,765,
135,554,
757,
56,259,
17,259,766,
48,103,
48,111,
116,755,
259,654,
259,504,
259,767,
259,554,
259,410,
17,259,
259,768,
103,654,
40,48,
29,130,
259,769,
399,770,
17,75,259,
55,274,771,
63,772,
98,773,
259,262,659,
75,116,
259,448,
40,774,
176,775,
284,776,
24,
274,
564,777,
98,778,
67,259,
40,98,779,
40,259,780,
48,259,262,
40,699,
40,781,
40,167,259,782,
284,399,
130,
130,
40,130,
259,262,783,
40,784,
40,391,
44,785,
751,782,
211,786,
40,787,
40,788,
40,738,
24,789,
259,790,
40,791,
40,792,
17,40,
40,212,
793,794,
75,259,
259,795,
259,794,
262,796,
22,40,
109,116,128,
28,292,
17,788,
116,699,
176,284,
40,554,
176,788,
116,135,
116,274,797,
116,788,
410,
259,665,
504,
182,
798,799,
17,800,
801,802,
582,
18,259,453,803,
625,804,
40,788,
67,211,
111,
805,806,
17,204,259,
807,808,
809,810,
622,795,
112,193,504,
811,
185,504,
259,274,
259,407,
193,259,284,
259,410,812,
259,504,
176,788,
517,
374,504,813,
176,284,
259,808,
259,576,
97,284,
116,193,788,
40,255,
814,815,
40,816,
24,176,
24,193,
103,817,
193,818,
819,820,
40,128,193,
453,821,
211,410,
46,699,
40,470,
116,808,
259,292,804,
176,585,
116,802,
193,802,
116,554,
193,808,
802,822,
