1945,3214
1,2,3,
4,5,6,
7,8,9,
10,11,12,13,
14,15,
16,17,
12,18,
19,20,
21,22,
23,
24,25,26,
5,27,
28,29,30,
5,13,14,31,32,
2,12,33,34,
35,36,
37,38,
39,40,41,
42,43,
44,45,46,
47,48,
49,50,51,
42,52,
53,54,
11,55,56,
57,58,
5,59,60,
5,61,
2,62,
2,63,
5,49,64,
49,65,
5,66,67,
5,68,
12,69,70,71,72,
5,10,69,
5,73,
2,45,74,
12,75,
5,76,
2,77,
10,
5,25,78,
2,5,79,
5,80,
2,81,
5,13,
12,82,83,
72,84,
5,12,85,
86,87,
5,88,
5,89,
12,90,
5,91,
5,92,93,
12,94,95,
96,97,98,
5,99,100,
14,101,102,
103,104,
98,105,
105,106,
105,107,
83,105,
105,108,
5,109,110,
5,29,111,112,
45,113,114,
45,115,116,
5,117,
5,13,118,
5,42,119,
105,120,
105,121,
5,31,122,
123,
42,124,
31,125,
126,127,
12,128,
45,129,130,
2,11,48,
71,131,132,
133,
12,72,
12,134,135,
12,136,
5,49,137,
138,139,
105,106,
105,140,
35,105,
98,141,
105,142,
105,143,
103,144,
12,145,
5,146,
147,148,
2,149,150,
5,151,
105,152,
153,154,
31,132,155,
11,14,
5,156,
115,157,
5,158,
69,149,159,
160,161,
13,162,
163,
164,165,
2,166,
5,131,
48,167,
147,168,
48,149,
86,169,
69,170,
149,171,172,
5,173,
45,174,175,
75,176,
105,177,
147,178,
12,179,
11,12,180,
144,181,
141,150,182,
2,183,
29,184,
42,185,
147,186,
5,187,
69,188,
5,105,
13,105,
5,189,
105,158,190,
12,191,
192,193,
42,133,
133,155,
48,112,
12,194,
5,48,
192,195,
17,196,
105,197,
5,146,
147,198,
12,59,199,
5,12,200,
146,149,
12,201,
12,31,202,
112,203,
5,204,
171,205,
36,112,
2,
12,206,
141,207,
2,5,13,208,
14,209,
31,210,
45,211,
5,13,
5,13,
5,212,
12,213,
13,105,
31,214,
12,215,
105,
5,12,216,
12,132,
12,158,217,218,
12,75,
5,45,219,
12,35,208,
86,220,
171,221,
5,45,222,
115,132,
12,223,
12,130,171,
12,31,224,225,
141,226,
9,155,227,
5,12,42,213,228,
5,12,13,31,38,229,
153,154,
105,230,
42,231,
5,232,
233,234,
5,12,235,
132,
12,86,
5,112,236,
237,238,239,
112,240,
5,178,
105,121,
5,45,241,
186,
69,242,
12,243,
171,244,
5,174,214,
49,245,
149,185,
5,246,
247,248,
11,249,
171,243,
5,36,
14,42,171,
250,251,
213,252,
13,36,
12,158,
103,253,
141,187,
159,254,
105,255,
256,257,
5,42,221,
5,69,258,
147,204,
5,93,
45,259,
130,260,
261,262,
12,36,
5,263,
141,264,
147,265,
266,267,
83,86,
105,268,
5,269,
5,270,
12,36,
12,221,
12,71,244,
5,268,271,
97,272,
12,158,
266,267,
273,274,
12,275,
5,221,
171,219,
5,227,
276,277,
86,278,
45,279,
5,280,
192,281,
149,282,
283,
14,284,
12,235,
12,285,
12,136,
5,269,
182,286,
12,13,
12,287,
171,288,
12,289,
105,290,
5,291,
103,205,
12,221,
182,292,
5,293,
5,284,
5,178,
69,294,
13,105,
42,295,
171,285,
2,296,
5,201,
12,136,
297,298,299,
25,42,300,
25,147,301,
302,
147,303,
12,126,304,
141,305,
5,110,
110,
306,307,
5,13,308,
13,
5,42,309,
147,310,
311,312,
155,313,314,
5,315,
5,316,
5,317,
318,
9,10,318,
5,319,
5,320,321,
5,148,
5,141,197,
322,
323,
31,324,
49,136,
29,325,
5,326,
69,94,327,
2,5,328,
5,11,329,
12,330,
5,12,331,
12,69,309,
237,332,
12,159,
141,252,333,
321,334,
12,49,155,335,
5,98,
336,
2,5,242,
201,
5,309,
94,260,
2,31,69,201,
5,337,
2,338,
2,29,339,
2,43,
340,341,
12,342,
343,344,
5,345,
5,12,98,
12,346,
347,348,349,
11,350,
12,13,
12,351,
75,352,
353,354,
2,116,
2,42,199,
355,356,357,
2,5,71,358,
315,359,
12,31,360,
5,49,141,361,
362,
49,69,363,
92,98,
12,52,
5,364,
11,12,365,
59,331,
86,159,
12,338,
12,366,
5,213,
367,368,
77,369,
49,155,370,
12,371,
12,372,
373,374,
2,375,
5,12,42,98,
12,376,
12,59,98,
12,35,
114,
12,13,86,
5,23,
12,370,
5,12,69,377,
318,
2,309,
5,49,330,
12,378,
75,352,
379,380,
12,141,197,
12,30,115,
147,310,
147,381,
13,382,
5,168,383,
5,90,
308,384,
2,43,
12,385,
11,35,
13,71,
75,255,
12,386,
49,97,174,387,
252,388,
11,12,389,
2,390,
31,391,
12,13,75,
13,97,
392,393,394,
13,
12,42,395,
12,396,
5,95,
12,52,
30,260,
10,42,369,
11,397,
12,398,
12,345,
5,31,59,319,
5,328,
49,399,
12,75,
201,400,
59,401,
5,402,
12,197,
5,344,
12,389,403,
12,136,
49,404,
5,319,
224,378,
5,176,
12,339,
36,115,
318,405,
49,406,
5,98,
2,13,
12,31,90,
5,407,
5,408,
12,409,
319,
410,411,
12,72,
5,38,
171,274,
12,136,
97,412,
2,98,
5,306,
9,273,
97,331,
112,413,
126,414,
12,369,391,
12,415,
5,331,
5,416,
30,49,
111,417,
12,418,
12,75,
419,420,
182,201,
49,389,
182,421,
5,422,
12,272,
2,338,
31,205,
5,
12,423,
89,112,
174,319,
12,328,
103,274,
424,425,
186,426,
45,192,427,428,
429,430,
12,431,
5,159,432,433,
35,434,
435,436,
14,437,438,
14,35,439,
1,5,440,
1,12,214,
69,441,
92,442,443,
11,443,
444,
42,45,159,445,
446,
447,
448,449,
103,450,
451,
437,452,453,
29,35,
11,31,454,
5,11,18,42,
12,42,455,
456,457,
352,446,
445,458,
11,459,460,
12,94,
5,445,
49,461,
5,462,
49,463,
464,465,
29,430,
5,
11,445,
466,467,
462,
12,468,
2,469,
18,42,
5,42,470,
5,445,
31,370,
430,471,
159,472,
5,473,
313,474,
475,476,
5,18,31,
49,477,
32,478,479,
32,425,
466,480,
5,481,
18,42,
5,482,
171,252,474,
5,445,483,
441,484,
29,485,
29,425,
12,18,
11,486,487,
103,144,
16,488,489,
133,490,491,
484,492,493,
494,495,
12,169,496,497,
29,498,499,
500,501,
428,502,
12,503,
453,504,
505,506,
115,141,483,507,
29,31,370,
147,507,508,
29,141,509,
510,511,
512,
12,35,
42,513,
514,515,
82,516,
82,517,
11,42,518,
35,466,
103,519,
31,520,
5,45,521,
260,478,522,
5,487,
12,503,
425,523,
12,18,92,524,
29,525,
526,
18,171,
92,527,
147,528,
5,45,
11,529,530,
12,35,45,
29,528,
5,206,
11,531,
5,12,31,453,
42,221,
12,425,
5,36,453,
147,528,
12,83,
82,532,
82,466,533,
11,69,534,535,536,
537,538,
12,539,
5,141,540,
541,542,543,
425,
169,483,539,
544,
112,174,210,
115,545,546,
112,174,528,
12,366,
171,547,
5,425,
11,437,504,518,
266,425,
5,453,
5,11,548,
425,
169,
12,549,
18,103,
11,550,
539,551,
466,548,
5,69,552,
5,553,
554,
82,112,555,
42,556,
453,557,558,
29,559,
425,478,
103,560,
5,18,
92,561,562,
5,563,
11,12,18,564,
12,35,
425,
11,284,
5,
86,552,
425,565,
466,566,
18,49,
12,531,
425,
5,18,105,141,
12,479,
18,
45,567,
5,31,484,552,568,
12,569,
12,570,
97,545,
252,466,531,
462,
425,466,
12,571,
35,266,572,
103,573,
92,574,
12,575,
5,576,
105,577,
12,35,578,
5,579,
425,
11,518,
308,425,
171,531,
9,460,
462,
12,35,580,
115,581,
11,582,
29,466,583,
92,260,584,
585,586,
12,531,
112,587,
11,18,484,
5,94,216,
5,588,
11,552,578,
115,589,
11,94,
5,92,180,
425,
5,78,
18,149,
5,501,
2,35,
171,590,
35,115,
591,592,
5,591,
141,528,
29,509,
12,466,593,
4,69,86,
564,594,
18,69,
5,539,
5,595,
12,548,
35,596,
42,597,
5,598,
12,503,
112,431,
5,599,
159,600,
69,552,
112,552,
12,225,
18,466,
86,548,
2,528,
5,601,
425,
5,602,
147,528,
478,541,
466,603,604,
42,583,
5,605,
211,606,
5,11,607,608,
30,609,
12,35,37,149,
18,45,
31,610,611,
11,18,
612,
221,
39,42,220,613,
69,614,
69,615,
201,
2,4,
4,174,
29,86,616,
617,618,619,
5,620,
2,621,
32,622,
623,
42,624,625,
5,132,
16,18,45,
626,627,
174,628,
12,32,629,
97,630,
2,35,
43,
86,631,
2,14,632,
14,633,
14,159,
105,115,634,
635,
34,636,637,
14,34,546,
5,638,
12,639,
4,36,155,
4,12,32,
42,206,
11,158,640,641,
147,528,
642,643,
644,645,
103,646,
171,252,497,
147,647,
31,638,648,
18,
10,
42,457,
35,49,
5,649,
256,536,
650,651,
652,
653,
35,42,
12,654,
18,174,
5,655,
5,12,428,
2,656,
12,657,
18,45,
196,655,
35,42,
11,12,658,
2,12,18,
12,659,
4,12,
5,431,
141,660,
30,31,36,112,
12,563,
5,563,
5,661,
14,655,
31,462,
662,663,
5,528,
5,18,
5,18,
269,491,
12,133,155,
2,36,664,
4,174,
13,141,
4,42,
665,666,
487,
12,18,
625,
667,668,
5,669,
42,670,
5,266,671,
12,18,
42,672,
9,672,
14,86,171,673,
2,5,14,574,
5,221,
155,453,
42,571,
12,497,
221,674,
155,675,
5,11,18,
18,174,
12,639,
2,71,524,676,
12,655,
174,221,
5,221,
14,35,109,
4,112,
12,677,
42,322,
5,12,532,
2,45,221,
12,678,
31,268,
31,35,
30,69,
30,71,
171,563,
42,528,
86,679,
35,45,
155,370,
2,221,
2,30,
86,660,680,
12,14,
30,86,
12,548,
30,171,
42,224,594,
12,90,
681,682,
2,14,42,683,
149,684,
18,171,
86,437,
685,
12,425,
12,417,
12,639,
2,686,
11,268,
12,45,72,
86,88,
171,687,
5,14,688,
14,689,
36,436,
37,284,
171,612,
5,686,
5,690,691,
5,528,
2,18,
30,
5,655,
5,13,
2,225,
5,18,
5,636,
69,528,
12,497,
4,431,692,
12,693,
11,30,
147,168,
92,155,
5,694,
5,695,
5,269,
5,672,
5,18,
82,125,
42,155,680,
4,42,
4,36,
18,
5,696,
103,665,
4,5,42,
5,287,
4,86,174,
437,697,
4,5,
155,698,
5,528,
30,196,
29,699,
97,105,441,
639,
541,
5,691,
42,655,
545,675,
5,528,
546,
5,14,700,
42,701,
2,696,
5,689,
5,221,
12,90,
672,702,
4,5,
12,136,
5,460,
4,174,
5,18,
12,638,
703,704,
577,705,
706,707,
708,709,
5,49,155,710,
385,711,
712,713,
714,
11,539,
715,716,
717,718,
5,719,
5,12,45,720,
560,
155,497,645,
12,721,
351,
147,722,
38,92,560,
723,724,
5,725,
59,533,
12,425,
69,105,370,
322,726,
445,727,
59,705,727,
728,729,730,
12,18,34,174,
11,159,548,
18,29,
105,731,732,
42,346,
733,734,
5,466,735,
18,
18,736,
12,252,539,
83,86,
5,737,
12,654,726,
12,18,
738,
5,739,
574,
11,740,
49,715,741,
5,35,
5,12,171,742,
10,645,
12,743,
49,744,
734,745,
734,746,
425,
483,747,
49,574,
12,112,748,
370,726,
5,12,92,451,
12,749,
5,18,750,
18,171,751,
1,451,752,
69,738,
171,753,
5,754,
11,755,
42,171,756,
56,171,
92,539,
11,35,
5,49,757,
11,758,
338,751,
192,466,528,
5,155,759,
11,760,
752,753,
155,453,
5,36,761,
12,223,
174,762,
459,
763,764,765,
12,766,
767,768,
92,174,769,770,
42,771,
5,694,
539,772,
147,773,
11,751,774,
331,751,
715,775,
147,776,
155,777,
201,545,770,778,
18,736,
5,443,
5,779,
49,694,
2,694,780,
42,781,782,
18,59,
171,783,784,
5,89,
12,18,785,
751,786,
252,787,
42,386,788,
12,425,
12,18,736,
789,790,
11,18,
171,791,
224,792,
459,
12,793,
694,
577,794,
466,795,
272,796,
550,797,
171,174,705,
5,798,
42,748,
5,799,
12,407,
5,800,
5,459,
5,801,
174,188,
12,744,
18,112,
201,541,
636,802,
803,804,
105,805,806,
29,174,321,807,
29,808,
105,809,810,
529,811,
35,
29,552,
5,812,
12,813,814,
5,541,815,816,817,
752,771,
97,814,818,
431,819,820,
5,105,821,
70,822,
5,449,
29,425,505,823,
105,
29,824,
5,825,
12,826,
771,827,
12,35,
577,824,
441,577,
3,828,
829,
47,652,
5,830,
35,49,
105,831,
35,832,
12,833,
11,652,
12,817,
577,834,
83,802,
835,
12,821,
5,836,837,
5,838,
5,817,
147,672,
12,817,
12,839,
577,807,
49,840,
71,817,
69,174,841,
407,577,
12,425,
86,842,843,
103,844,
845,
577,846,
847,848,
5,539,606,
31,549,
42,823,
454,636,
12,812,
174,807,
5,849,
38,105,
5,850,
12,636,
5,417,
12,851,
18,31,
224,407,
431,852,
5,817,
5,260,853,
42,224,854,
12,748,
5,855,
12,549,
12,856,
459,606,
12,857,
115,807,
59,858,
12,829,
12,859,
541,860,
12,269,798,
861,
862,
92,750,863,
105,864,
92,105,865,
147,866,
759,867,
655,
5,201,868,
869,
115,870,
871,872,
787,873,
47,874,
103,684,
851,875,
5,876,
5,155,877,878,879,880,
227,832,
881,882,
5,112,883,
115,574,
69,174,884,
29,105,
885,
5,174,867,886,887,
606,867,888,
453,889,890,
606,891,
42,155,606,892,
12,92,174,655,
264,705,
893,894,
5,18,
42,824,
11,112,851,895,
5,896,
897,
147,256,898,
5,155,705,
431,769,824,
115,899,
18,42,
5,894,
5,900,
727,901,
35,606,
11,902,
42,824,
115,903,
59,904,
104,905,
12,34,466,655,
5,388,
29,31,906,
103,907,
12,908,
42,137,
31,59,825,
505,750,909,
5,457,910,
42,824,
147,705,
147,911,
431,880,
105,
9,133,606,
9,912,
321,834,
42,155,913,
603,820,
31,824,
5,914,
12,201,
12,370,
466,655,
5,915,
12,824,
5,916,
917,918,
12,321,919,
112,920,
115,921,
321,599,
115,922,
5,35,
115,923,
115,518,924,
13,174,
10,12,
49,224,574,
819,925,
35,
31,859,
201,926,
927,928,
929,930,
69,541,
182,201,456,
321,459,
105,931,
932,933,
31,854,
126,934,
743,824,
9,42,935,
147,936,
2,937,
5,938,
5,939,
5,940,
115,201,
115,941,
12,459,
807,832,851,
942,943,
12,842,900,
5,201,
5,201,
59,944,
49,459,879,
5,945,946,
11,947,
504,705,
11,705,
5,948,
5,921,
5,201,949,
5,528,
750,825,
171,451,
5,49,950,
11,951,
750,948,
750,948,
97,105,952,
57,953,
147,954,
42,955,
504,956,
42,459,
11,957,
5,919,
252,958,
174,484,825,
5,959,
29,960,
603,834,
321,431,
5,309,
5,867,
824,961,
5,962,
12,963,
12,868,
5,18,
201,964,
459,
12,459,
42,577,965,966,
239,967,
5,968,969,
970,971,
577,972,973,
29,974,
103,386,
36,577,818,975,
12,577,976,
5,977,
978,
979,
274,980,
577,981,
982,983,
603,984,
147,985,986,
105,987,
105,988,
105,989,990,
603,991,
992,993,994,995,
69,105,996,
105,997,
5,98,603,998,
105,
999,
92,1000,1001,
5,59,1002,
42,571,
57,505,1003,
60,660,
252,990,
1004,
29,159,1005,
851,990,
577,642,
577,1006,
1007,1008,
1009,
577,1009,
11,42,817,
57,105,
431,492,
105,873,
5,603,807,
603,990,
990,1010,
5,1011,
69,1012,
69,105,603,
11,12,1013,
1014,1015,
5,1016,
105,
105,176,
105,
141,1017,
11,1018,
35,924,
1019,1020,
141,443,
5,12,92,1021,
5,660,1022,
12,990,
12,548,
5,57,492,
5,171,492,
3,42,
29,817,
12,817,
577,817,
5,12,1023,
12,672,
11,105,
11,492,603,
18,752,
59,1024,
851,986,
990,1025,
990,1026,
5,1027,
174,1028,
105,
105,
5,1029,
11,1030,
69,577,1031,
1007,1032,
5,1033,
12,1034,
577,1024,
5,858,
11,990,
5,1024,
11,1035,1036,1037,
29,990,
1038,
5,1039,
182,924,1040,
851,1041,
12,990,
11,990,
5,11,817,
12,817,
174,1042,
147,672,
1017,1043,
69,969,
171,1044,
5,1022,
29,817,
865,1045,
12,492,
851,1046,
12,817,
577,672,
492,577,
105,
252,1041,1047,1048,
57,989,1049,
29,483,1050,
12,833,
603,1051,1052,1053,
229,991,
11,990,
274,1054,
1055,1056,
873,1057,
12,385,603,1058,
12,744,
42,1018,
577,1054,
5,492,541,
5,1059,
12,451,
252,1060,
11,990,
772,1061,
274,980,
660,1062,
12,817,
12,981,
42,1063,
11,1056,
873,1064,
5,1065,
12,492,
873,1034,
982,990,
361,
12,1066,
12,229,744,
5,274,
69,174,1067,
5,548,
5,1068,
5,1069,
12,492,
182,1070,
5,1071,
12,221,
11,1072,
385,
260,1073,
982,1074,
5,1075,
603,1076,
105,1077,
105,1078,
577,1031,
692,1079,
492,642,
5,492,
12,938,
12,49,
5,1080,
12,1081,
577,938,
224,1082,
5,1041,
1018,1043,
5,492,577,
752,817,
12,492,
825,1083,
606,1041,
274,
1084,1085,
974,1086,
105,1087,1088,
105,781,
105,
12,105,
5,577,919,
105,
105,
12,966,
1089,
684,823,
29,577,1045,
105,1090,
577,1091,
577,1065,
12,1092,
105,
105,155,
42,577,817,
112,539,606,
5,1093,
1094,1095,1096,
105,
105,
105,
105,692,
1097,
105,
42,833,
10,12,
105,1090,
29,1098,
577,1099,
518,606,
12,817,
5,577,1100,
5,823,
105,
171,577,824,
42,577,796,
112,817,
105,692,
112,260,807,
577,817,
531,606,
105,
105,
105,
495,577,
103,465,
105,
5,1101,
105,577,
10,12,541,
42,807,
577,817,
12,817,
5,817,
29,1009,
577,1102,
817,851,
105,112,1103,
577,672,
105,1104,
97,817,
12,533,
3,155,577,
11,12,956,
1105,1106,
105,
549,1090,
5,112,133,
5,577,1107,
12,42,1108,
31,1109,
5,1110,
284,802,
105,
5,807,1111,
12,577,1112,
12,1113,
105,431,
1105,1114,
5,817,
577,1115,
105,
5,838,
83,1116,
1117,1118,1119,
5,18,
105,
577,1120,
42,1105,
606,636,
12,817,
5,577,1097,
29,105,
1121,1122,
42,829,
577,938,
577,1123,
69,1124,
11,817,
69,824,
12,1097,
29,105,
105,
577,1125,
577,1097,
3,1105,
684,851,1126,
147,1037,
577,1068,
105,
103,824,
5,577,1101,
577,1041,
545,1127,
112,1128,
879,1056,
603,807,
12,919,
3,5,
105,
577,649,
155,1129,
545,
11,1130,
5,796,
577,817,
12,404,
3,577,
29,1009,
12,1097,
684,1131,
12,1120,
11,1105,
577,1132,
12,456,1133,
12,1134,
577,1135,
577,1031,
12,1136,
1137,
105,
29,1138,
518,
3,42,
706,1139,
969,1074,
5,309,1000,1002,
92,155,239,466,1074,
112,1140,
260,1141,
12,1142,
1143,1144,
5,1030,
5,147,1145,
1067,1074,
431,1063,
34,1146,1147,
5,518,
5,451,
147,951,
5,969,
1148,1149,
141,1150,
1151,1152,
483,969,
969,1000,
1153,1154,
12,1155,
466,969,
309,969,
29,1000,1156,
12,1018,
103,821,
5,1138,
105,
12,105,229,
660,1138,
12,1149,1157,1158,
105,
5,141,431,
466,1137,
5,536,
69,536,781,
260,1159,
141,1160,
1161,1162,
91,92,
49,462,
12,1163,
466,1164,
5,969,
92,105,
1165,1166,
86,549,
706,1030,
105,
105,
5,141,973,
237,696,
12,144,
385,
5,92,1167,
105,
466,1000,
42,705,
92,1159,
959,1000,
577,1168,
112,1033,
549,851,
105,
1000,1169,
105,171,1088,
105,1151,
5,518,
12,
12,
5,239,
11,1156,
456,536,
12,969,
12,1170,
105,1088,
260,1002,
12,1067,
105,
1171,
42,607,1172,
502,924,1173,
491,1174,1175,
1176,1177,
11,1178,1179,
626,1180,1181,
851,1182,
12,92,309,577,1183,1184,
167,
94,147,
174,603,1000,1074,1185,
1186,1187,
29,167,
5,309,1188,
1189,
1190,1191,1192,
11,49,1074,1193,1194,
1183,1195,
147,1196,
989,990,
577,1166,
577,1197,
1198,
147,528,
1199,
539,603,1074,
69,567,1183,1200,
92,1201,
105,115,1202,
12,1074,1146,
603,1074,1203,
1204,
147,1196,
5,536,1000,
60,
541,1205,
5,1000,1206,
11,1207,
12,309,1208,
103,1209,
817,1210,
577,1211,
1074,1212,
94,
5,990,
5,174,918,
1190,1213,1214,
11,1215,
1216,1217,1218,
69,112,1217,
1219,1220,
678,1221,
1000,1222,
66,171,1222,
541,1223,
528,1074,
128,1074,
69,309,1224,
5,1225,
603,1226,
141,1000,1227,
11,1228,
1229,1230,
103,1231,1232,
69,1149,
12,1233,
11,1234,
807,1235,
11,1071,
12,1236,
59,1237,
171,879,1034,
5,1168,
171,1238,
1000,1209,
11,502,798,
12,1222,
938,1074,
69,105,141,
12,1185,
12,1146,
260,1239,
115,528,
12,1233,1237,
94,115,
12,128,
12,1240,
5,1233,
12,115,807,1000,
12,807,1000,
174,1241,1242,
1074,1156,
1000,1237,
603,1149,
12,94,
59,807,
69,1243,
1074,1244,
5,1245,
969,1000,
260,1156,
1074,1246,
105,1247,
11,1248,
603,1249,
105,1250,
1251,
69,1166,
1252,1253,
1254,
29,1000,1255,
238,1166,
34,603,1256,
780,1250,
920,
103,239,
1257,
5,603,884,1258,
1074,1259,
1260,1261,
1000,1247,
5,59,518,1000,
12,105,1074,
797,1262,
603,1245,
18,159,
924,1247,
105,1263,
159,1246,
12,98,
1250,1264,
239,1265,
1266,
11,1267,1268,
98,
1269,
1194,
5,105,1270,
182,1000,1271,
147,755,
4,
5,1272,
454,974,1000,1194,
12,974,1243,
11,1273,
147,755,
12,167,1000,
167,1194,1250,
105,
1000,1274,
105,611,1275,
12,1276,
399,996,1074,
11,1277,
171,1194,1250,
832,1278,
37,1074,1194,
36,370,1250,
1279,
1247,1280,
1000,1247,
1000,1073,
239,1000,
489,1000,
105,505,
105,505,
5,1281,1282,
5,1283,
5,1284,
1000,1285,
105,
1074,1286,
11,1194,
5,559,
5,1287,
141,1288,
5,239,
5,370,1074,
141,1289,
141,1246,
536,832,
12,1290,
224,1291,
756,1000,1088,
11,1291,
12,1074,1243,
489,
1292,1293,
1250,1294,
11,1243,
11,1166,
1074,1295,
105,
105,126,155,
5,1037,1074,
12,1277,
11,37,541,1296,
1297,1298,
105,1243,
431,489,1000,
1000,1246,
969,1000,
11,1000,1299,
1000,1300,
12,105,
12,1301,
466,1166,
42,1243,
147,1302,
1074,1303,
1074,1304,
453,1074,
851,1305,
974,1294,
105,112,
5,1073,
149,239,
59,370,
545,1194,
5,167,
12,1243,
105,
5,1306,
11,1074,1194,
851,1194,
105,475,692,1307,
817,1209,
11,1308,
12,1276,
115,1309,
115,1310,
147,1311,
603,1312,1313,
969,1000,
1000,1314,
11,1290,
5,884,
174,1246,
12,1244,1315,
112,1062,
105,572,
174,1062,
5,11,761,
5,1316,
12,1208,
5,1317,
5,1318,
260,1319,
12,1320,
105,260,
5,105,
147,755,
12,453,
502,
115,489,
1074,1321,
37,851,1217,
12,1322,
12,1166,
12,1266,
5,859,
12,1164,
105,
12,1243,
12,
817,1074,
11,1323,
105,
174,1243,1324,
86,1325,
12,1251,
69,1073,
5,1326,
370,1074,
260,969,
1074,1166,
11,370,
11,1243,
12,105,
12,1021,
115,761,
370,466,
115,1243,
5,105,
11,1243,
59,370,
313,
105,115,
12,1062,
182,1327,
12,528,
1328,1329,
5,1074,1330,
1331,1332,
1333,
12,521,
12,1265,1334,
3,1335,1336,1337,
141,1338,
1074,1332,
5,1000,1244,
5,1074,1290,
603,969,
1194,1339,
29,1340,
83,141,
1000,
5,147,1236,
1250,1341,
45,92,1342,
466,981,
35,92,
1156,
1343,
260,1344,
5,1345,
147,1346,
1074,1290,
12,1347,
603,1000,1348,
1074,1349,
1074,1350,
5,1074,1244,
953,1351,
92,504,1352,
147,1236,
5,1353,
36,1354,
603,1070,
1355,1356,
147,528,
147,1357,
5,969,
36,1250,1358,
1000,1195,
12,1359,
12,1360,
71,969,
18,1361,
92,1362,
865,1352,
3,1074,
12,36,
5,174,1363,
5,12,521,
237,267,1364,
12,603,1290,
29,92,1365,
92,504,1352,
147,1366,
603,1367,
35,1368,
92,182,1369,
71,115,1341,
105,
5,274,1074,
105,
1033,1370,
5,1002,
5,969,1000,
11,1371,
112,599,
1000,1137,
12,53,
309,1290,
12,539,
12,1372,
453,1362,
12,36,69,
12,1350,
105,1244,
260,1373,
12,1243,1374,
1000,1375,
466,1376,
92,1155,
92,924,969,
112,1002,
12,1377,
12,1378,
11,1194,
431,1379,
5,13,
18,1380,
969,1000,
138,1381,
12,1073,
5,141,1340,
676,1062,
12,1382,
174,1166,
541,1383,
141,953,
98,155,171,
1384,
1226,1385,
98,
98,
1166,1386,
5,174,1387,
174,1388,1389,1390,
155,1391,
14,1392,
18,1393,
71,1074,1394,
5,1395,1396,
1397,1398,
98,
105,1399,
35,1390,
12,1400,
309,609,1401,
11,1402,
229,1226,
14,1403,
1404,1405,
12,1146,
1277,1406,
11,83,
11,1407,1408,
103,1232,
1409,
571,1410,
12,1411,
12,1411,
1,42,
1073,1164,
147,898,
12,1390,1412,1413,1414,
83,1415,
12,1416,
1,5,
5,1417,
1404,1418,
1404,1419,
5,98,1074,
1,5,
98,
1,5,192,
12,1420,
98,1421,
103,1422,
12,1417,
12,609,1423,
894,1424,
49,466,1425,
105,1426,
105,1270,1426,
5,1427,1428,
1404,1429,
5,69,496,884,1074,1390,1430,1431,
5,577,1415,1432,
60,577,
11,60,611,
1433,1434,
990,1435,
12,1432,
4,603,
5,1436,1437,
1164,1391,
12,1438,
1439,
105,
5,894,
5,1440,
147,1441,
147,1442,
115,1019,1074,1443,
12,569,
966,1074,
1444,
60,1445,
1074,1446,
1395,1447,
274,1074,1448,
147,1446,
147,1442,
103,1449,
92,98,1074,
69,174,1074,1450,
5,1451,
5,898,
1452,
1074,1447,
692,1453,
577,1454,
577,1432,
439,1246,
171,1074,1455,
611,1456,
287,466,
31,98,1074,
577,1440,1457,
1074,1458,
98,1074,1226,
1459,1460,
5,125,1074,
103,201,
5,98,
884,1461,
1074,1390,1462,
5,1463,
11,1408,
115,1464,
12,182,1390,1465,
5,1146,1466,1467,
12,98,1074,
5,147,528,
103,201,
5,1146,
1468,1469,
11,1464,
14,528,
920,1470,
83,1074,
98,
69,242,577,
12,1471,
5,1446,
1472,1473,
1074,1474,
98,1074,
1475,1476,
12,69,1477,
11,103,1073,
5,115,1062,
103,1478,
11,239,
1390,1479,
1440,
69,577,1390,1480,
5,1074,1321,
98,
36,1074,1481,
11,1443,1466,
12,98,
1074,1482,
1415,1483,
11,898,
12,1484,
123,1485,
5,536,
5,1074,1486,
14,1487,
260,466,1471,
577,1471,
1488,
1489,1490,1491,
133,174,
1074,1492,
12,1074,1462,
1074,1493,
1432,1494,
1495,1496,
5,1497,
5,171,609,1498,
577,1499,
5,1500,
5,1501,
12,260,1062,
12,1062,
105,990,
31,309,1502,
12,599,
1074,1464,
12,69,92,1503,
69,1488,
5,1504,
12,98,
1074,1432,
3,5,
12,1203,
12,31,1146,
69,1402,
115,1505,
12,1450,
1074,1164,
5,865,1164,
71,884,
5,1166,
1506,
1074,1203,
98,1074,
92,1074,
69,438,
69,1062,
12,1471,
577,1507,
11,1062,
1457,
12,609,
5,1432,1457,
1508,
12,1432,
12,1471,
12,1509,
115,1464,
1146,1390,
577,1510,
5,807,
12,69,1471,
171,370,
12,1511,
12,1415,1512,
12,1471,
92,
98,115,
1513,1514,
12,174,1478,
86,533,
133,577,
12,1515,
5,1516,
98,541,
1074,1517,
86,1391,
115,1198,
12,1462,
12,1198,
5,115,609,
5,1471,
12,577,609,
98,998,
12,1390,
5,1464,
31,1518,
12,1062,
12,1146,
71,502,
5,103,1519,
5,12,1166,
309,1390,1520,
11,1521,1522,1523,1524,
5,1525,
5,1432,
92,577,1314,
37,309,577,1404,1526,
1453,
12,637,
308,1466,1527,
577,1528,
5,12,1466,1529,
577,1000,
5,92,
1074,1530,
5,1531,
706,1164,
5,59,1532,
1074,1533,1534,
1183,1535,
237,1000,1458,
5,1432,
407,577,
69,1404,1458,
577,1300,
171,1167,1466,
990,1270,
528,577,
577,609,
504,1536,
1062,
577,770,
577,1537,
577,1538,
603,1390,
5,1539,
12,37,176,
541,1540,
1074,1164,1267,
5,1074,1164,
5,603,1541,
174,541,1000,
5,1226,
309,1520,1542,
98,353,603,1074,
37,1074,1543,
1390,1520,1542,1544,
5,12,577,1071,
1246,1250,
5,155,1231,
105,1074,1226,
11,1545,
1539,1546,
5,1526,
1547,1548,
370,577,
559,577,
5,12,37,176,309,
309,1432,
92,705,
1074,1432,
69,1543,
12,1549,1550,
176,1074,
5,559,
174,1551,
155,1127,
5,12,1552,
5,1497,
783,879,1542,
1246,1553,
5,1206,
1164,
1074,1554,
5,1526,
577,1507,
5,147,1437,
577,1432,
577,1074,1555,
577,770,
603,1556,
603,817,
12,1557,
12,1062,1074,
5,990,
5,1558,
5,37,1559,
990,1074,
69,1542,1560,
69,1390,
12,1000,
69,155,1543,
603,1561,
1520,1542,1562,
12,94,
12,637,
1466,1563,
12,577,1512,
12,1564,
12,1146,1164,
12,1565,
577,1566,
12,1567,
5,1568,
12,1226,1569,
12,69,1570,
1226,
5,86,1226,1390,
69,1543,
577,1542,
577,771,
37,1542,
5,1551,
1074,1512,
69,577,1062,
155,1542,
1250,1571,
577,1505,
1000,1572,
12,69,174,577,1573,
69,171,
577,1432,
505,1390,
5,678,
577,1402,
71,1062,
12,1574,
1575,1576,
5,75,1577,
5,1577,1578,
11,66,1579,
743,1580,
1074,1581,
898,1074,1193,
744,
29,744,1193,
147,1582,
5,1583,1584,
5,69,1585,
18,1586,
11,603,1587,1588,1589,
159,1074,1590,
83,112,1193,
1591,
5,12,1592,
338,1593,
147,1451,
1594,1595,
12,1596,
798,
1074,1597,
5,545,
12,1376,
18,29,
12,174,1598,
12,1599,
1074,1600,
12,1601,
12,192,1602,1603,
12,1604,
174,1605,1606,
1074,1498,
1074,1498,
5,1601,
71,1074,1607,
147,1451,
12,1608,
103,395,
528,1609,
69,92,
45,1589,
11,1610,
103,1611,
1612,1613,1614,
5,1615,
1193,1539,1616,
784,
5,1617,
11,1618,
488,489,505,
29,1619,
133,
31,174,309,370,
1620,1621,
611,1622,
466,1072,1623,
3,504,
1419,1588,
147,1624,
5,898,
5,1625,
12,539,1626,
103,1627,
1613,1622,1628,
1629,1630,1631,
313,1074,1625,
313,609,1632,
29,1622,1633,
178,
11,1193,1622,
12,171,1579,
171,1577,
5,1634,
1074,1391,
75,1635,
60,
171,1577,
5,1577,
103,1636,
1074,1193,1637,
147,1638,
1074,1625,
1639,1640,
1074,1641,
11,889,1074,1577,
11,45,1642,
12,75,
11,1643,
29,1644,
1602,1645,
12,1646,
103,1647,
603,1622,
12,1648,
1649,1650,
147,536,
75,
12,541,1184,1651,
12,1074,1652,1653,
29,1625,
29,1625,
5,29,1654,1655,
47,528,
147,528,
147,1656,
12,1657,
103,1658,
12,1659,
112,174,1660,
1193,1626,1661,
147,528,
5,1193,1662,1663,
5,528,
5,528,
692,1417,
1226,1664,1665,
1539,1618,
528,1539,
1666,
12,1528,
71,174,611,1667,
12,1416,
11,174,1074,1226,
5,898,
1668,1669,
313,1284,
29,1670,
11,505,1072,
5,1193,1671,
966,1672,
75,1613,
1618,1673,1674,
5,174,1634,
11,1176,1622,
545,603,1663,
5,1614,
171,1074,1622,
174,1193,1602,1675,
1176,1676,
174,603,1622,
5,518,
166,603,
12,1677,
1074,1678,
29,1679,
1577,1578,
1680,1681,
12,1469,
456,1682,
1683,
12,1606,
611,1622,
133,
12,1669,
12,1684,
313,1685,
5,1686,
5,1577,
1193,1602,1687,
1622,1688,
1689,
545,1690,
1691,
12,174,1539,1692,
1074,1622,
29,1693,
29,938,
29,75,
29,1515,
29,1694,
29,1663,
1539,1695,
12,1546,
12,1608,
12,1391,
12,1391,1696,
11,1697,
12,898,
12,1528,
171,1589,
12,1698,
69,1699,
5,1391,
660,1074,
1074,1625,
1613,1700,
60,603,
12,459,
1579,1701,
69,1702,
5,1703,
1074,1704,
5,1703,
223,1705,
12,1184,
370,545,
1622,1706,
1074,1707,
86,1708,
29,75,
29,75,
29,1645,
1539,1661,
5,75,1709,
11,1589,
12,174,1226,
1626,1710,1711,
69,174,1543,
105,
1635,1685,
541,777,
174,938,
31,1712,
1074,1498,
12,1713,
223,313,
1622,1688,
1626,1679,
1074,1714,
29,125,
29,1715,
5,12,603,1193,1716,
71,1717,
5,1653,
105,1575,
1589,1613,
94,1718,
1594,1719,
1720,1721,
12,1543,
71,609,
171,1722,
456,1723,
224,744,
1724,1725,
147,1451,
5,174,1417,
603,1408,
12,1203,
14,1726,1727,
5,1728,1729,
12,98,1728,
147,1730,
5,1731,
5,147,1451,
441,1732,
1733,
1404,1734,
1539,1735,
1736,1737,
1074,1738,
12,898,
1739,
1683,1740,
192,1626,1741,
681,1742,
59,1743,
1739,
1558,1744,
1745,1746,
1407,1408,
1319,1628,
174,833,1747,1748,
5,1749,
171,1750,
12,539,
12,1282,
1121,1749,
5,12,1390,
12,92,98,
12,1203,
92,1240,
5,12,466,1573,1751,
29,1062,
1146,
5,42,1184,
71,528,
5,528,
1460,
1,69,
5,147,1703,
103,137,
12,1146,
603,1752,
744,
1753,1754,
1740,1755,
29,1756,
11,1757,
541,1758,
5,1417,
1,5,12,
5,611,1293,
5,528,
98,
655,1740,
12,1759,
12,98,
12,539,
12,1075,
1,
466,1460,
42,1740,1760,
12,545,609,
174,832,1184,
69,1394,
5,545,1628,1761,1762,
92,1408,
12,938,
12,1146,
12,98,
12,125,174,
12,1417,
12,1075,
103,1422,
98,174,
45,98,
1763,1764,
12,1765,
466,858,
1395,1766,
1628,1767,
5,174,1768,1769,
174,826,
174,1770,
1417,1476,
171,1771,
12,1772,
879,1773,
12,174,1774,
86,1184,
11,284,
5,1775,
466,1725,
98,
12,1739,
5,1400,
12,1062,
528,865,
5,1422,1776,
71,1208,
12,539,
12,1411,
466,1777,
12,1778,
5,14,1417,
12,1074,1779,
75,1780,
12,1599,
171,1600,
29,1781,
1074,1193,1578,
5,1782,
12,1074,1783,
29,201,
1264,1583,
1074,1784,
69,743,1783,
147,1785,
12,174,548,
743,1184,
147,1446,
45,1250,1786,
5,1600,
1043,1506,
5,1787,
5,606,1788,
29,1492,
182,528,
1021,1628,
457,1789,
1250,1600,
12,92,1790,1791,
42,1193,1250,1695,
83,743,1792,
29,83,
147,898,
125,171,
5,1793,
36,174,1074,1794,
1795,1796,
29,1589,
603,998,1797,
998,1798,
603,1799,
5,998,1193,1800,
1801,
1802,1803,
1074,1779,1802,
1794,
1795,1804,
5,1805,
29,69,1193,1791,1806,
609,1605,
147,1807,
12,1605,1808,1809,
1074,1810,
1811,1812,
12,1032,1654,
1813,1814,
29,655,
29,825,
1193,1600,
1074,1635,1815,
11,144,
11,174,1816,
103,144,
103,1817,
11,1074,1391,
29,1818,
12,1577,1819,
12,1596,1820,
12,1821,
5,29,1450,
1822,1823,
1824,
69,1208,
5,1250,1825,
69,1826,
1827,
466,562,1314,1602,
5,755,1828,
11,489,
1074,1829,
123,1287,1806,
1695,1830,
5,1193,1654,1675,
5,609,1602,1831,
12,1832,
5,1422,
1193,1833,
11,1790,
609,
11,1671,
260,1834,1835,
29,1836,
1250,1600,
29,1833,
5,879,1837,
1074,1838,
5,1839,
12,229,1840,
361,1074,
36,998,1074,1193,
5,1651,1742,
12,36,
12,174,1838,
147,755,
1802,1841,
5,1689,
1074,1193,1833,
1193,1723,
1135,1193,1594,
123,655,
1842,
12,1205,
5,1843,
5,1844,1845,
5,1846,
5,906,
12,229,1600,
1784,1844,
174,1695,1847,
29,1848,
5,1845,
171,237,1600,1792,
12,1689,
1314,1668,
12,92,
12,1193,1450,
69,71,743,1784,
12,1450,
1250,1606,1844,
5,1849,
545,1539,1784,
12,609,1602,
12,1850,
171,1193,1851,
603,1021,
5,1852,
5,1853,
174,370,603,
1795,1854,
1193,1838,
1074,1855,
1193,1675,
1193,1856,
12,1193,1450,
12,36,
125,545,1654,
309,1577,
36,284,1074,
609,1074,
11,284,
1074,1600,
12,1857,
5,1600,
12,370,
11,1832,
12,223,
5,1779,
1461,1832,
1651,1858,
12,1835,
12,1074,1859,
12,609,
12,906,
115,609,1808,
1795,1860,
1074,1861,
239,1074,
603,1251,
12,539,
12,1859,
5,1862,
466,1695,
5,609,
1074,1287,
1074,1862,
609,1043,
69,1816,
1074,1863,
174,1864,
533,
1,545,
1193,1779,
12,1781,
1193,1600,1654,
1450,1802,
12,29,132,1739,
1,69,
1865,1866,
29,1867,
29,1868,
5,12,37,1147,1832,
370,
159,1603,1869,
5,1870,
5,69,606,1860,
5,1070,
1871,1872,
1869,1873,
5,1874,
1875,
1497,1628,
1074,1845,
1074,1634,
1193,1461,1600,
92,1816,1876,
1689,
1689,
92,
1877,
29,174,1193,1878,1879,
414,1880,1881,
5,609,1074,1882,1883,
606,1074,1884,
1806,1869,1885,1886,
609,1654,1883,
1739,
284,1887,
29,1205,1869,
12,29,60,
155,606,1794,
12,1159,
5,1773,
5,1600,
174,1074,1888,
12,1671,
29,1889,
1074,1890,
474,603,
1074,1600,
12,1074,1891,
147,755,
5,1892,
1893,
1894,1895,
12,1896,
133,1193,1628,1654,1869,
1193,1602,1897,
1074,1898,
12,1463,1806,
1424,1899,
370,1472,1654,
1074,1654,1883,
12,1794,
1654,1900,
5,105,
5,1901,
5,284,
1654,1902,
29,1074,1903,
12,1904,
692,1277,1307,1654,
5,1905,
137,1906,
1887,1907,1908,
5,174,548,
5,147,528,
1909,
229,1887,1910,
1159,
29,1911,
12,1193,1654,1912,
174,1193,1654,1913,1914,
1193,1600,
12,609,
12,1909,
609,1392,
147,1392,
545,1600,
60,545,
370,1628,
752,1838,
795,1074,
1074,1883,
11,1193,1654,1915,
69,1912,
171,1193,1916,
5,83,
29,1600,
12,1074,1891,
29,370,1193,1709,
5,1074,1193,1917,
1869,1918,
1915,
133,1074,
1600,1806,
29,370,1654,
12,1074,1919,
1443,1869,
29,1694,
5,1920,
548,1869,
5,1074,1921,
69,1193,1905,
5,69,83,1074,
12,35,545,
5,795,1922,
1654,1806,1923,1924,
752,1925,
1887,1926,
5,609,1193,1695,1806,
155,238,1193,1806,1909,
1074,1927,
35,1074,
5,609,
29,1928,
29,449,
370,1193,
12,1385,
1074,1789,
12,1904,
1074,1893,
1869,1893,
5,1929,
370,1074,
12,284,
1654,1889,
1074,1930,
5,105,
1931,1932,
548,1654,
313,1933,
1193,1838,
370,403,
11,36,1883,
69,1934,1935,
12,1654,1936,
5,1937,
1074,1193,1689,
176,1074,
29,1938,
606,1600,
11,1904,
370,1074,
1074,1939,
11,1825,
5,1940,
5,1941,
1193,1794,
1193,1654,1942,
1193,1600,
370,603,
414,1943,
92,1391,
1654,1777,
370,1869,
5,449,
71,370,
174,755,
1074,1944,
5,11,1929,
313,1945,
