665,933
1,2,
1,3,4,5,6,
1,3,7,8,
4,9,
10,
11,12,13,14,
4,6,
4,15,16,17,
18,19,20,
21,22,
4,11,
16,21,23,
3,16,24,
25,26,
27,28,29,30,
31,32,
4,33,
19,29,34,35,36,
28,37,
21,38,39,
40,41,
42,43,
3,44,45,
46,
4,6,13,47,
3,4,21,48,49,50,
28,29,51,52,53,
3,7,54,
38,55,
43,56,
57,58,
3,12,59,
60,61,
62,63,
64,65,
57,66,
4,67,68,
44,49,69,
6,21,44,
4,70,71,
11,42,44,
35,72,
4,8,21,
4,73,
4,34,74,75,
16,76,
77,78,
79,
10,62,
35,80,
65,81,
82,83,
84,85,
12,30,
21,43,
42,86,
39,87,
4,88,
4,89,
90,91,
4,92,
3,21,93,94,
60,95,
21,96,
4,83,93,
4,5,21,
4,97,
4,93,
49,66,
4,43,
21,30,
3,98,
99,100,
101,102,
4,18,103,
4,16,29,48,104,
3,4,105,
4,42,106,
3,21,107,
4,13,108,
66,
109,
4,110,111,
112,113,
114,
12,13,115,
7,116,
21,117,
38,116,
3,16,102,
42,118,
4,13,21,119,
44,73,93,
12,120,
99,121,
16,44,122,
16,107,123,
4,21,44,124,
4,116,
16,125,
126,127,128,
4,129,
21,73,
13,130,
10,
4,44,131,
132,133,
12,73,
4,35,102,
84,134,
7,135,
44,136,
21,137,138,
18,139,
4,140,
19,141,
142,143,
93,144,
140,145,
13,146,
4,21,147,
16,21,44,148,
149,150,
4,148,
151,152,
12,73,
44,49,130,
80,153,154,
12,155,
84,156,
94,157,
13,73,
16,30,
56,158,
4,143,
93,159,
16,155,
4,160,
19,161,
31,162,
19,161,
21,116,
145,163,
60,164,165,
4,29,166,
167,168,169,
3,168,169,
21,168,169,
168,170,
123,171,
172,
4,123,173,
4,170,
12,168,174,
3,169,
78,175,
126,176,
13,177,
44,84,170,
4,177,
4,43,178,
4,179,
4,21,180,
31,181,182,
27,30,
183,
184,
176,185,
44,186,187,
4,12,102,
4,188,
42,126,189,
168,190,
185,191,
4,6,168,
44,65,168,
4,29,44,168,192,
4,13,168,193,
123,194,
21,70,195,
4,13,21,196,
44,197,
31,185,
4,177,
21,198,
4,199,
4,34,200,
12,201,
4,202,
21,42,168,203,
168,204,
21,31,205,
44,84,198,
6,12,44,
84,198,
12,168,206,
4,189,
12,13,207,
12,31,102,
4,44,98,208,
21,209,
4,21,210,
4,44,211,212,
4,210,
183,
19,213,
21,55,
214,215,
31,43,
4,196,
177,216,
43,
4,60,95,
4,217,
21,218,
44,84,219,
219,220,
30,81,
12,221,
21,222,
12,198,
12,223,
21,177,
4,224,
21,198,
31,43,
21,31,
4,225,
13,21,
21,49,226,
3,21,227,228,
6,12,70,
21,229,
81,230,
21,29,92,
4,21,55,
4,30,49,
7,231,
4,49,136,
12,21,70,93,99,232,
4,177,
21,233,
92,234,
102,235,
16,236,237,
171,
12,110,
4,6,21,
3,12,238,
4,239,
3,4,11,70,
99,179,
4,13,43,
21,240,
227,241,
60,242,
90,243,
191,229,
244,245,
1,6,12,21,34,
3,30,34,44,246,
4,21,30,44,
4,21,43,44,
21,98,
4,196,
4,44,198,
30,34,
21,198,
13,247,
4,107,
1,248,
249,
16,250,
4,13,44,251,
21,28,176,252,253,
12,30,
4,241,
49,183,
4,44,254,
4,173,
21,99,219,
16,255,
21,201,
4,43,
49,256,
44,257,
38,258,
84,259,
260,261,
21,177,
30,34,
4,136,
21,92,
44,262,
21,43,
60,263,264,
49,185,265,
12,19,266,
44,267,268,
4,269,270,
60,271,
4,272,
44,273,
3,13,21,44,70,274,
21,275,
4,6,276,
168,277,
4,34,278,
4,278,
279,
44,280,
4,16,281,
4,269,
4,44,282,
283,284,
4,49,285,
4,6,44,
44,168,286,287,
21,44,126,288,289,
44,223,290,
19,291,
292,293,294,
29,295,
4,296,
44,297,
12,98,
49,69,
29,278,
4,298,
142,299,
44,278,
4,269,
12,290,292,
12,278,
208,300,
12,174,
6,31,
19,278,
3,44,301,
258,302,
44,210,
177,303,
265,304,305,
306,307,
27,308,309,
4,310,311,
19,278,
61,312,
313,
4,311,
111,314,
60,61,264,
111,278,
29,315,
21,316,317,
42,318,
4,31,287,
19,267,278,
31,278,
44,195,
195,319,
219,320,
42,321,
21,42,44,322,323,
324,325,
29,34,111,278,
321,
31,253,278,
276,321,
44,321,
42,44,321,
19,278,
44,326,
21,321,
132,142,
12,321,
21,327,
12,328,
278,329,
19,278,
19,278,
126,330,
49,327,
49,331,
84,321,
29,31,278,
12,278,
29,176,278,
319,332,
29,278,
4,333,
30,42,
29,278,
278,334,
4,335,
12,278,
34,278,
61,336,
12,29,337,
4,7,338,
16,29,278,
339,
340,
7,341,
16,267,278,
4,21,278,
78,342,
16,19,278,
4,343,
12,44,278,
267,278,
16,344,
345,
12,29,44,321,
16,29,34,278,
31,346,
12,16,49,278,
21,84,308,321,
19,29,278,347,
4,29,278,
12,19,278,
3,348,349,
29,44,84,350,
4,44,223,351,
352,353,354,
29,278,
31,278,
16,278,
305,355,
34,278,
274,
4,7,13,350,
12,278,
265,356,
4,356,
13,276,321,
321,
21,44,132,321,
123,357,358,
4,44,321,
49,276,321,
4,21,359,
81,278,
4,31,274,
49,360,
12,321,
4,12,278,
16,44,321,
21,361,
4,321,
4,21,223,
362,363,
4,346,
21,148,
253,278,
16,356,
3,321,
151,364,
12,278,
4,196,
19,278,
365,366,
278,367,
21,178,
12,278,
81,278,
93,274,
4,13,44,368,
12,321,
16,29,309,
4,274,
4,16,278,
369,370,
321,
29,93,126,319,371,
362,372,
42,321,
126,373,374,
369,375,376,
13,321,
60,377,
126,378,379,
55,380,
34,381,
321,
12,382,383,
13,384,
44,319,321,
42,321,
42,385,
44,321,
42,321,
223,
29,303,321,
321,
44,386,387,
44,321,
321,
21,321,
44,321,
21,388,
21,321,
42,321,
44,321,
31,183,
389,390,
42,391,
126,212,
29,321,
21,350,
49,321,
42,321,
44,391,
42,392,
31,321,
31,321,
219,
21,98,
34,393,
394,395,
396,397,
16,398,
29,99,393,
3,12,321,
3,29,399,
13,21,400,
12,16,44,321,
3,12,321,
99,401,
13,21,402,
321,
84,234,321,
12,383,
16,315,
403,
44,404,
44,49,196,329,
12,405,406,
407,
329,408,
42,391,
21,407,
49,409,
315,
31,410,
31,411,
49,395,
402,412,
29,253,278,
13,321,
413,414,415,
264,
372,416,
126,417,418,
401,419,
49,223,
420,421,
44,422,
6,12,
6,84,
6,423,
21,42,168,424,
21,168,425,
77,426,
29,421,
21,223,
42,223,
6,21,
49,427,428,
6,44,
6,12,
6,21,
223,429,
13,321,430,
42,126,431,
126,432,433,
60,434,
265,435,
265,436,
437,438,
439,440,
16,31,126,437,441,
3,432,442,
3,432,443,444,
12,151,432,445,446,447,
448,449,
11,42,
158,437,
432,450,
448,449,
432,451,
90,452,
21,126,432,453,
3,42,44,445,454,
81,440,
437,451,455,
432,456,457,458,
432,437,459,
43,
31,460,
77,432,461,
362,462,
61,462,
6,432,437,
126,391,432,
3,6,
3,293,389,463,464,
21,437,465,
49,466,
21,42,467,
42,437,451,
432,468,
44,432,437,469,
470,471,
3,84,93,431,432,
432,472,
42,473,
3,42,437,
3,21,44,474,475,
49,437,476,
265,477,
168,478,
3,168,432,479,
21,44,437,473,
3,42,437,468,
99,480,
3,432,
451,481,
6,21,
44,459,482,
29,168,483,
265,477,
21,44,479,
49,479,
98,
31,484,
168,437,485,
3,382,
148,432,
42,93,
290,432,
432,459,
12,486,
382,432,
12,21,479,
28,432,445,487,
21,202,445,
31,321,
42,481,488,
3,21,489,
12,13,44,490,
42,468,
44,445,491,
44,49,158,432,
29,44,382,492,
265,493,
13,494,
12,495,
21,31,44,321,
21,44,126,448,496,
13,49,126,432,497,498,
42,223,432,
49,468,
49,499,
6,12,44,
29,488,
12,16,500,
501,502,
7,503,
6,44,481,
462,504,
505,506,
168,507,
132,432,508,509,510,511,512,513,514,
3,515,
3,507,516,
1,42,432,459,
151,517,
151,517,
328,
81,515,
432,516,
321,
516,518,
13,44,474,519,
81,515,
21,42,520,
432,521,
522,523,
524,525,
526,527,
49,528,
126,528,529,
49,228,432,
437,474,530,
11,13,42,
12,16,432,437,531,
264,
168,507,
532,
28,314,
504,523,
99,321,
321,
177,432,
533,534,
42,382,535,
16,31,528,
31,507,
42,432,465,
342,536,
19,537,
168,515,538,
168,539,
432,540,
98,
42,274,541,
78,81,516,
28,538,542,
29,42,196,382,
99,382,528,
49,432,528,
31,321,432,
223,432,
515,533,
434,504,
42,321,
13,90,321,
168,507,
432,543,
42,528,
432,465,
42,432,544,
42,321,
545,
432,474,
168,528,
49,528,
30,31,44,
546,
126,432,547,
432,548,
29,549,
31,468,
16,550,
16,28,111,432,551,
78,481,
16,29,552,
7,42,123,553,554,
42,437,555,
44,274,
16,556,
3,44,437,442,474,
44,557,
44,558,
49,99,432,
3,559,
432,560,
6,42,
29,60,462,
432,561,562,
522,
522,563,
29,432,564,
3,13,565,
522,
49,158,
223,432,
432,566,
567,568,
61,462,522,
61,569,
6,423,
13,570,
278,
558,
168,432,571,
522,
3,44,558,
28,432,572,
522,
3,573,
538,574,575,
223,432,576,577,
6,123,
29,44,578,
3,126,579,
432,580,
11,44,432,
29,581,582,
61,522,
168,583,
61,569,
61,522,
265,400,
16,126,584,
3,12,585,
44,321,432,
61,586,
132,587,
588,589,
522,
31,44,212,
99,321,
77,590,
591,
223,432,
44,592,
31,593,
44,49,84,321,
594,595,
31,321,
432,596,
13,432,596,
13,
49,212,
432,597,
3,321,
132,585,
321,432,
99,321,598,
432,593,599,
432,600,
6,84,
13,279,
12,587,
432,601,
596,602,
6,423,
34,432,603,
3,432,507,538,
42,604,
13,382,605,
42,44,274,432,437,537,
21,281,432,
3,44,606,
84,607,
13,321,432,
3,321,
6,31,
3,608,
168,382,432,609,
3,538,609,610,
44,234,450,
28,34,558,
168,585,611,
99,612,
99,382,612,
382,612,
432,613,
42,321,432,437,
3,99,321,432,
588,614,
19,35,168,538,615,
3,437,
35,168,615,
44,99,168,321,432,
13,44,321,432,
253,278,
49,168,321,
132,616,
31,44,321,
49,432,617,
3,321,
13,321,
42,93,618,
6,432,
321,432,619,
44,620,
610,621,
30,90,432,622,
382,623,
522,
1,
12,624,
44,126,432,625,
123,626,
432,627,
3,223,432,
382,628,
35,629,
49,168,630,
16,168,631,
632,
96,624,
31,633,
44,223,432,
93,279,432,
60,522,
168,634,
432,635,
13,21,432,565,
31,636,
21,432,637,
432,638,
12,44,96,
11,12,
96,432,639,
319,640,
641,642,
432,643,
49,644,
432,645,
265,646,
39,432,
432,647,
60,648,
31,44,649,650,
651,652,
44,382,653,654,
21,123,592,
44,394,655,
522,
168,223,432,
432,656,
31,44,657,
60,522,
1,658,
642,659,
432,660,
223,432,
126,661,
662,
90,99,432,
1,382,647,
21,368,
432,576,
432,663,
647,664,
168,647,
21,93,432,
99,
31,665,
