3403,3103
1,2,3,
4,5,
6,7,8,9,10,11,12,13,14,
15,16,17,
18,19,
20,21,22,23,
24,25,
2,26,
2,27,28,
29,30,
31,32,33,
34,35,
36,37,
38,39,
40,41,
42,43,
44,45,46,
47,48,49,
50,51,52,
53,54,
55,56,57,
58,59,
60,61,62,63,
2,64,65,66,
67,68,
62,69,70,
62,71,
72,73,
74,75,
76,77,
78,79,
80,81,
82,83,84,
85,
86,87,88,
48,89,
90,91,
92,93,
94,
48,95,
48,96,
97,98,
99,100,
99,101,
99,102,
48,103,
28,
104,105,
56,106,
104,107,
108,109,
110,111,
112,113,
2,114,
115,116,
92,99,117,
19,104,
118,119,
2,120,
114,121,
2,65,
108,119,
48,122,
48,123,
97,124,
48,117,
125,126,
127,128,
129,130,
129,131,
21,
48,132,
133,134,
73,135,
136,137,
138,139,
140,141,
142,143,
144,145,
129,146,
84,129,
38,147,
148,149,150,
83,151,
152,153,
84,148,
136,154,
48,58,
85,
132,148,
5,
144,155,
156,157,
104,158,159,160,
58,161,162,163,
152,161,164,165,166,167,168,
58,169,170,
171,172,
173,174,
175,176,177,
44,178,
179,180,181,
182,183,184,185,186,187,188,189,190,
191,192,193,194,
2,195,196,
58,197,198,
170,199,
99,200,201,
58,202,
203,
204,
205,
58,206,
99,207,
208,
104,209,210,211,
104,212,
58,213,
152,214,
58,203,
152,215,
99,216,
99,217,
218,219,
205,220,
48,221,222,223,
58,224,
152,225,226,
227,228,229,
230,231,
58,232,
233,
58,234,235,
236,237,238,239,240,241,
58,203,
58,242,
58,243,
58,244,
58,245,
246,247,
248,249,
48,250,251,252,
192,194,
253,254,255,
32,256,257,258,259,
80,260,
99,261,262,
44,263,264,
58,265,266,
267,268,269,
270,271,
272,273,
58,274,275,
223,276,
277,
278,279,280,
48,281,
92,282,
283,
284,285,
286,
58,287,
288,
2,58,289,
290,
58,291,
292,293,
48,227,294,
268,295,
296,297,
48,298,
58,299,
58,299,
58,170,
300,301,
302,303,
58,223,
99,304,
94,
58,305,
58,306,
58,307,
268,308,
309,310,
48,223,
311,312,
58,313,314,
58,315,
58,316,
317,
318,319,
58,320,
58,321,
58,223,
58,269,
322,323,
48,324,
58,325,
326,327,
58,310,
58,328,
58,329,
330,331,
332,333,
334,335,
48,336,
2,190,
119,251,
48,337,
223,309,
309,338,
48,196,
190,
339,
48,340,
190,
48,260,
341,342,
99,217,
2,343,
344,
92,345,346,
2,347,
92,348,
2,308,
48,251,337,
99,349,
2,350,
351,352,
251,353,
354,355,
356,357,
309,312,
2,223,
223,309,
58,358,359,
58,360,361,
362,363,364,365,366,
58,295,367,
368,369,370,371,
58,104,372,
373,374,
58,375,376,
377,378,
8,44,379,380,381,382,383,384,385,386,387,388,389,390,391,392,393,
394,395,396,
397,398,399,
104,400,401,
58,402,403,
58,404,405,406,
58,407,408,409,
394,410,411,
104,412,413,
58,414,415,416,
417,418,
48,419,420,
58,421,422,423,
424,425,426,
427,428,
429,430,431,
44,432,
433,434,435,
436,437,
438,439,440,441,
44,58,442,443,
58,361,444,
61,445,
58,446,447,448,
44,48,449,450,451,452,
44,453,454,455,456,
457,458,
425,459,460,
461,462,
44,463,
464,465,
466,467,468,
44,469,
470,471,472,
58,441,473,474,
475,476,
477,478,
58,479,480,
58,481,482,
44,58,483,484,
485,486,
104,204,
487,
58,488,
489,490,
38,491,492,
493,494,
104,495,
58,496,
58,484,
497,498,
499,
58,500,
58,501,
58,502,503,
58,104,504,
492,
58,505,506,
48,507,508,
58,509,
510,511,
58,512,
104,283,504,
58,513,
58,505,
58,514,
515,
58,478,
58,204,
58,516,
58,517,
435,
58,204,
58,205,
518,519,
58,406,
58,520,
521,522,
58,523,
58,524,
364,525,
58,526,
48,245,
58,527,
58,528,
529,
58,530,
58,259,
58,374,
58,531,
58,532,
58,533,534,
58,523,
535,536,537,
439,538,539,
484,510,
104,321,
58,540,
58,541,
58,542,
58,428,
58,245,
48,304,
310,543,
104,486,
58,435,
58,544,
545,546,
80,547,
548,
205,549,
550,551,
80,552,
545,553,554,
555,556,
557,558,
58,559,560,
13,561,
58,561,562,
563,564,565,
566,567,
58,532,568,
211,569,570,
571,572,573,574,
507,575,
58,576,577,
578,579,
580,581,582,583,584,585,586,
476,579,
58,587,
58,588,
588,
58,558,
476,589,
58,590,
283,591,
58,420,
579,592,
593,
223,594,
594,595,
58,596,
58,456,
58,597,
598,599,
600,601,
476,589,
588,
58,602,
48,593,
58,603,
58,597,
282,604,
547,605,
283,606,
579,607,
608,609,
58,610,
58,611,
58,612,
613,614,615,
616,617,
58,618,
344,619,
58,620,
58,621,
58,396,
58,622,
623,624,
58,499,
58,307,
104,625,
58,626,
58,627,
58,628,
58,629,
58,630,
58,631,
58,594,
58,361,
58,312,
588,632,
633,634,
58,635,
58,561,
58,636,
58,637,
58,638,
104,625,
588,639,
58,640,
58,641,
58,642,
643,
523,
58,644,
359,
58,645,
646,647,
104,
648,649,650,
651,
652,653,654,
653,655,
58,656,
657,658,
58,650,
652,659,
58,660,
58,661,
662,663,
58,664,
665,
622,666,
58,667,
668,
669,670,
58,671,
58,672,
58,671,
58,673,
58,674,
675,676,
58,677,
58,678,
58,679,
58,680,
58,681,
58,682,
58,683,
58,565,
684,
58,406,
58,685,
58,686,
653,687,
58,245,
99,201,
58,688,
48,689,
58,690,
691,
692,693,
58,694,
695,696,697,
58,223,
58,698,
699,700,
58,701,
58,702,
58,204,
58,269,
99,703,
58,704,
705,706,
58,361,707,
58,245,
683,708,
58,269,
58,709,710,
58,711,
653,712,
58,713,
58,714,
58,482,
58,715,
58,716,
58,245,
205,
240,547,
58,717,
58,718,
58,719,
58,720,
48,58,547,
58,721,
58,722,
723,724,
523,725,
58,726,
58,495,
104,727,
58,728,
58,729,
456,730,
58,644,
547,731,
58,732,
58,733,
58,734,
58,735,
58,736,
58,737,
58,738,
488,653,
58,739,
58,740,
58,680,
58,741,
58,456,
58,742,
58,626,
58,743,
58,744,
58,745,
746,747,
58,748,
604,749,
58,304,
58,750,
666,751,
48,752,
753,754,
58,755,
58,756,
58,547,
58,757,
58,499,
58,651,
758,759,760,761,
44,58,762,763,764,
9,611,765,766,767,
768,769,
770,771,772,
48,773,774,
442,747,
80,456,775,776,
369,545,777,
58,778,779,
44,780,
781,782,
58,688,702,783,
48,257,784,785,
786,787,788,
44,58,789,790,
791,792,
150,793,
80,436,794,
795,796,
44,797,798,
799,800,
58,304,799,
44,58,801,
802,803,804,805,
806,807,
808,809,
507,736,
558,810,
811,812,813,814,
815,816,817,818,
819,820,
58,670,821,
822,823,824,825,
687,826,
58,827,
828,829,830,
58,831,
832,
833,834,
58,835,
58,693,
80,833,836,
837,
80,838,
257,839,840,
58,841,
611,
842,
58,843,844,
687,845,846,
58,847,
848,849,
58,848,850,
44,848,851,
852,853,
854,
854,
789,855,
760,854,
856,857,858,
815,859,860,
58,861,
862,
863,864,
865,866,
867,
257,638,859,
760,859,868,
745,869,
848,870,
852,871,
872,
745,760,
58,873,874,
58,875,
833,876,
725,833,877,
553,833,
452,833,
878,879,
58,880,
58,881,
58,882,883,
58,884,
58,881,
853,885,
760,
886,
58,561,
760,887,
789,859,
888,889,
58,890,
58,891,892,
58,893,
104,894,
859,895,
760,896,
58,897,
852,898,
58,638,
58,899,
80,900,
901,
902,903,
48,562,881,
58,549,
760,904,
905,906,
907,
58,908,
852,909,
760,910,
58,911,
848,886,
912,913,914,
58,915,
58,916,
638,
344,917,918,
852,919,
920,
344,918,921,
80,874,
317,
58,638,
58,922,
104,923,
789,881,
58,745,
104,924,
257,925,
257,926,
549,804,
257,924,
927,928,
789,929,
865,930,
931,932,
933,934,
58,935,
549,760,936,
789,859,937,
104,938,
58,561,
283,906,
80,935,
58,939,
58,940,
58,941,
854,859,
58,942,
852,928,943,944,
921,945,
789,860,
48,257,946,
947,948,
58,638,
304,833,
848,949,950,
760,951,
257,952,
865,953,
954,955,
448,852,
257,857,
848,956,
58,957,
852,865,958,
833,959,
789,864,
800,960,
80,961,
789,962,
959,963,
58,964,
80,965,
929,966,
58,955,967,
968,969,
970,971,
972,973,
974,975,
44,976,
908,977,978,
979,980,
981,982,983,
687,984,985,986,
789,987,
988,989,
990,991,992,993,
58,307,994,
995,996,
997,998,999,
898,1000,
1001,1002,
989,1003,
1004,1005,
1006,1007,
1008,1009,1010,
783,1011,
58,1012,
58,1013,
1014,1015,
1016,
58,1017,
58,1018,
58,1019,
58,1020,
58,931,
558,
456,598,
1021,
58,1022,
58,545,1023,
687,1024,
687,1025,
48,1026,
58,561,
166,1027,
747,1028,
1029,
1030,
1031,1032,
58,1032,
611,
432,1033,1034,1035,
730,1036,
1037,1038,
344,945,
58,1012,
58,1039,
886,
931,1040,
1041,
58,1042,
1027,1043,
48,783,1044,
48,554,
58,166,
58,665,
58,1045,
48,929,
58,1046,
783,1047,
295,931,
104,905,1048,
58,1048,
58,1049,
58,1050,
58,1051,
48,1052,
48,665,
58,432,
1053,1054,
58,1055,
783,1056,
58,1018,
58,545,
58,1019,
1057,
888,1058,
760,1059,
760,1060,
58,760,1061,
58,1062,
58,864,
1063,1064,
705,1065,
48,1066,
852,1067,
622,
702,760,
58,1068,
58,1069,
104,1070,
58,1071,
58,1071,
58,1072,
58,1073,
789,1043,1068,
789,1074,
58,1075,
58,1076,
58,1077,
1078,1079,
283,760,1080,
1081,1082,
1083,1084,
638,1085,
58,1086,
1087,1088,
1089,
58,1090,
48,852,
58,1091,
58,1092,
1093,1094,
760,1095,
938,
604,938,
58,1096,
1097,
1098,1099,1100,
58,1101,
58,349,
1091,
58,1074,
58,1102,
1103,1104,
1105,
760,1106,
852,860,
58,638,
58,1107,
1108,
833,1109,
789,1110,
789,1111,
779,
58,1112,
604,1096,1113,
104,1114,
833,1115,
1116,1117,
344,921,
1118,1119,
58,1086,
58,881,
278,638,
846,1120,
1121,1122,
1123,1124,
545,1125,
58,1086,1126,
1127,1128,1129,1130,
1131,1132,
1133,1134,1135,
23,1081,1136,1137,
1138,1139,1140,
1141,1142,1143,1144,1145,
1146,1147,1148,1149,1150,
1151,
1152,1153,1154,1155,1156,
44,507,1157,1158,
1141,1159,1160,1161,
58,860,1162,
1163,
859,1164,1165,
1166,1167,1168,
1169,1170,1171,
58,1172,1173,
58,1174,1175,1176,
1177,1178,
61,158,1179,1180,
44,1181,1182,
1183,1184,1185,
1186,1187,
956,1188,1189,
104,1190,1191,1192,1193,1194,
58,339,1195,
1196,1197,1198,1199,
1200,1201,1202,1203,1204,
44,507,1205,1206,1207,1208,1209,
507,979,1210,
13,1211,1212,
998,1194,1213,1214,1215,1216,
1217,1218,
1219,1220,1221,
1222,1223,1224,
58,1225,1226,
58,1227,1228,
1229,1230,
185,361,1231,
1232,1233,
1234,1235,1236,
80,1237,
1203,1238,1239,1240,1241,1242,1243,
1244,1245,1246,1247,
58,1248,1249,
1250,1251,1252,
1253,1254,1255,
1256,1257,
58,1258,
1259,1260,
58,1261,
1262,1263,
1264,1265,
58,507,1266,
507,1267,
1268,1269,1270,
1271,1272,
436,1273,
436,1271,1274,
1217,1275,
58,1276,
1277,
859,1278,1279,1280,
58,1281,
1282,
58,1283,
1284,
1285,
1286,1287,
1286,1288,
58,1289,
1290,1291,1292,1293,1294,1295,1296,
1181,1297,
1298,1299,
1271,1300,
44,58,1301,
1302,1303,1304,
44,1305,
44,1306,1307,
1308,1309,
44,688,1286,1310,
758,1311,
1312,1313,
61,1314,
784,1086,
1315,1316,
1317,1318,1319,
44,1320,
1321,1322,1323,1324,
58,1325,
1326,
44,1193,1327,
1181,
69,245,507,
507,1328,
104,1329,
58,154,
58,1330,
1331,1332,1333,
1334,
2,1217,1335,
58,860,
789,1336,1337,
58,1274,1338,
410,1339,
1181,
58,1340,
58,1341,
1181,1342,
1181,1343,
58,1344,
1271,1345,
1346,
58,1347,
1348,1349,
1350,1351,
48,1352,
58,1353,
1354,
21,58,1355,
1356,1357,
58,154,1358,
44,632,978,1359,1360,
58,1361,1362,1363,
1364,1365,
58,1273,
58,1366,
44,104,1367,
1264,1368,
1339,1369,
1370,1371,
58,507,1372,
58,1373,
58,1374,
1271,1375,
507,1376,
58,1277,
44,1377,
58,1378,
1379,
58,1380,
58,1381,
1382,
1181,1383,1384,
992,
1385,1386,
859,1369,
604,1387,
1388,1389,
58,1390,
58,1391,
955,1392,
955,1393,1394,
591,1395,
859,1165,1396,
58,1397,
304,789,
58,304,1398,
1399,1400,1401,
58,1402,
58,1403,
1208,1404,1405,
760,1406,
283,1401,
58,104,908,1404,
1407,
283,1408,
833,1409,
507,1405,
507,1410,
1378,1411,1412,
1187,1413,
58,1414,
58,1415,
58,1416,
1417,
1418,
1413,1419,
1420,
334,1421,
1422,1423,
1422,1424,
1262,1425,
58,1426,
1427,
48,1428,
687,
44,1429,1430,
798,1431,
58,1432,
507,1433,
507,1434,
507,1435,
58,1436,
44,1437,
1438,1439,
58,1440,
48,245,1422,
507,1441,
815,
48,1442,
1443,1444,
1422,1444,
1386,1445,
507,1446,1447,
1448,
58,1449,
69,1444,
507,1450,
507,1376,
1451,
58,1151,
1143,1452,1453,1454,1455,
162,507,1451,
507,1456,
58,859,1151,
58,1457,
1411,1458,
1411,1422,1459,
579,1460,
1455,1461,1462,
1411,1463,
58,1464,
58,283,
58,1465,
58,1466,
58,245,
1209,1467,
58,1404,
58,1468,
58,1469,
1412,1470,
58,1471,
58,1472,
1413,1473,
1474,1475,
58,1476,
604,1365,
2,1477,
1422,1478,
1479,
1480,1481,
1482,1483,
579,
58,304,
104,1484,
507,1485,
58,1486,
104,1479,
1487,1488,
104,1489,
507,1490,1491,
204,1492,
58,1493,
1494,
58,1495,
58,1496,
58,1497,
1497,
58,1444,
58,1307,
58,1498,
69,1444,
507,1499,
1481,1500,
1501,1502,
507,1503,
507,1504,
2,1505,1506,
58,1372,
58,1507,
58,1508,
1509,1510,
44,1511,
44,1512,
48,966,
560,1372,
1411,1513,
283,1514,
283,1515,
579,1427,
955,1516,
579,1460,
104,1401,
1208,1405,
58,1517,
58,1518,
859,1479,1519,
58,1520,
58,1521,
2,1435,
104,1498,1522,
1523,1524,
1525,1526,
1333,1527,1528,
58,1372,
69,1529,
58,1530,
48,1363,
1444,1497,
757,1235,
58,1531,
104,
58,1532,
58,1533,
58,1534,
1413,1535,
1337,
58,1536,
2,1537,
1262,1324,
58,1398,
58,1521,
1538,
108,1539,
180,1540,1541,
58,1034,1542,
1324,
48,1018,1411,
1543,
1544,1545,
58,1546,
1547,1548,
1549,1550,
104,
898,
58,956,
58,1551,
58,1552,
44,1489,
604,1553,1554,
1555,
1556,
58,1557,
1558,1559,
48,1139,1560,
604,1558,
1561,1562,
48,1563,
1395,1564,
104,1565,
48,1566,
1395,1567,
1568,1569,
1271,1570,
859,1271,1571,
1271,1560,1572,
104,1573,
1562,
1574,1575,
1576,1577,
58,1578,
1579,
58,1566,
58,1580,
1581,
339,
48,312,
1582,1583,
58,881,
58,1584,
1585,1586,
58,1551,
58,1587,
58,1588,
560,1589,
58,1590,
1585,1591,
104,831,
859,1592,
1593,
58,1594,
58,1580,
349,1103,
1595,
1596,
148,344,921,
1551,1585,
48,800,
604,1573,
859,1597,
104,1573,
58,1097,
638,859,
181,
1598,1599,
58,1600,
58,1086,1601,
58,1068,
638,
344,921,
104,1602,
344,1603,
1271,1604,
1605,1606,
579,
1607,1608,
1609,1610,
9,1611,
1612,1613,
1614,1615,
1317,1616,
44,1617,
1618,1619,
1620,1621,
58,1622,1623,
1317,1624,1625,
1317,1626,
1317,1627,
58,1628,1629,1630,
44,1620,1631,1632,
1620,1633,
317,
1624,1631,1634,
1635,1636,
507,1637,
1638,
1631,1639,
58,1640,
9,44,1641,
1642,1643,
1620,1644,
58,1645,
1624,1646,
1631,1647,1648,
1631,1649,
1631,1650,1651,
1620,1652,
985,1620,1653,1654,
44,1631,1655,
58,1656,
1657,1658,1659,1660,1661,1662,
1620,1663,
1664,1665,
58,985,1666,
9,860,
985,1667,
1620,1668,1669,
1620,1670,1671,
1672,1673,
507,1409,
1631,1674,
1675,
1676,1677,
58,1678,1679,
385,
1680,1681,
1653,1682,
58,1653,1683,
58,1684,
1178,
1685,
58,1686,
44,1687,1688,
1689,1690,
1691,1692,1693,1694,
44,1681,
1695,1696,
1695,1697,
44,375,1695,
1698,1699,1700,1701,
1695,1702,1703,
611,1162,1704,
1705,1706,
1707,1708,
1631,1702,1709,
1624,1710,
507,1711,
1702,1712,
1713,1714,
1631,1715,
1631,1716,
1631,1717,
1718,1719,
1720,1721,1722,
1718,1723,
1702,1724,1725,
1717,1726,
1727,1728,
524,1729,1730,
44,1731,1732,1733,
1734,1735,
419,1736,1737,1738,
1739,
1740,1741,
48,1742,
1743,1744,
1713,1745,
545,1746,
1747,
1748,1749,
1750,1751,1752,1753,
1754,1755,
1659,1756,
1757,1758,1759,1760,
104,1761,1762,1763,1764,1765,
1766,1767,
1687,1768,1769,
1193,1770,1771,1772,
58,1773,
1774,1775,
1773,1776,
44,998,1310,1777,1778,
1779,1780,1781,
1782,1783,1784,1785,1786,
1787,1788,
1789,1790,1791,
1792,1793,1794,1795,
1796,1797,
1713,1798,
1799,1800,
1801,1802,1803,
1804,1805,
9,1806,1807,
58,1808,
58,545,
507,1809,
1620,1810,
1620,1811,
1812,1813,
1620,1814,
1620,1631,1815,
1816,1817,
44,1818,
58,1819,
58,1522,
1820,
1821,1822,
58,1693,
1631,1823,
1684,1695,
1695,1824,
58,1717,
58,1825,
1624,1702,1826,
941,1827,1828,
44,1178,1829,
1830,1831,
44,1832,
44,1833,
44,1834,
1835,1836,
1837,
860,1838,
44,1839,
58,1840,
1419,1841,
58,1842,
1620,1723,
44,1624,1843,
58,1751,1844,1845,1846,
1847,1848,1849,
58,1850,1851,
507,1387,1852,1853,1854,
1710,1855,
58,1809,
58,1710,1856,
44,1690,1857,1858,1859,1860,
104,1840,1861,1862,1863,
1823,1864,
44,394,1789,1865,1866,1867,1868,
825,1620,1869,
1870,1871,1872,
44,104,998,1873,
998,1874,
44,1875,1876,
815,1877,
1878,1879,
44,1880,1881,
1882,1883,
58,1884,1885,
44,58,1886,
44,58,1887,1888,1889,
1890,1891,
1222,1892,
44,1893,
44,1522,1894,1895,
44,1896,1897,1898,1899,
1900,1901,1902,
1317,1733,1903,1904,
44,1905,1906,
1907,1908,
1787,1841,1909,
1659,1910,1911,
58,1912,1913,
1914,1915,1916,
58,1522,1917,
1200,1918,1919,1920,
1921,1922,
608,1431,1923,
1217,1431,1924,
1323,1925,1926,1927,
1928,1929,1930,
58,1931,1932,
1193,1765,1933,
1934,1935,1936,
1624,1663,1937,
638,1217,
58,245,1938,1939,
1940,
1796,1941,1942,
1943,
1944,1945,
58,1946,1947,1948,
1853,1949,
1950,1951,
419,1412,
258,1952,
44,1271,1953,
1954,1955,
632,1956,1957,1958,
44,162,1959,
1960,1961,
1962,
1963,1964,1965,
1966,1967,
1968,1969,
1522,1970,1971,
1972,1973,
58,1974,1975,
6,1825,
1976,1977,
1978,1979,
44,507,1961,1980,1981,
477,1659,1756,
1982,1983,1984,
1317,1918,1985,
44,1986,1987,
1988,1989,
507,1990,
44,1310,
507,1991,
58,1992,1993,
848,1994,
58,1995,
58,1996,
507,1924,
44,1997,
1369,1998,
48,1999,
58,2000,
58,2000,
1262,2001,
507,2002,
1369,2003,
44,2004,
1369,2005,
1369,2006,
44,1369,2007,
1271,2008,2009,
44,2010,
58,1745,
58,1924,
44,2011,
44,2012,
2013,2014,
1404,2015,
1608,2016,
58,2017,
58,2018,
1369,2019,2020,
507,1369,2021,
164,507,
58,1369,2022,
1863,2023,
2024,2025,
1369,2026,
58,1693,
1990,2027,
58,2028,
58,2029,
44,2030,2031,
58,2032,
849,
58,2033,
2034,
2027,2035,
58,2036,
58,1825,
1271,1825,
44,2037,2038,
419,2039,2040,
2041,
2042,
44,1406,
1979,2043,
759,1939,
2027,2044,
2022,2045,
2022,2046,
1323,2047,2048,
1323,2049,
1271,1693,2050,
638,1939,
58,1693,1939,
58,1369,1619,
1323,2051,
58,2052,
1939,2053,
58,2054,
2027,2055,
1279,2056,2057,
1659,2058,2059,
2060,2061,
1693,2062,
58,327,
1659,2063,
849,2064,
2065,
2066,2067,
2027,2068,
1277,
1659,2069,
1659,2070,
1659,2071,
2070,2072,
1659,2070,
1659,1879,
1659,2064,
1271,2073,
164,2027,
1659,2074,
2051,2075,2076,2077,
2078,2079,
2078,2080,
48,1669,
1659,2081,
1659,2082,
44,48,2083,
44,2084,
2085,2086,
2087,2088,
9,1659,2089,
1659,2090,
1780,2091,
1640,2092,
58,1719,
58,2093,
2094,
9,2095,
2096,2097,
245,
58,2098,
2099,2100,
58,2101,
2027,2101,2102,
2103,
58,1892,
44,2104,
58,2105,
2106,2107,
1741,2108,
58,2109,
2110,2111,
48,2112,
2113,2114,
44,2115,
2116,
58,2080,
1659,2109,
58,1659,2044,
44,2117,
44,2118,
1620,1889,
2119,2120,
2121,2122,
58,2123,
1317,1581,
1317,1642,
2124,2125,
1667,1687,
2126,
58,1662,
58,2127,
44,164,
44,1979,
44,2128,
44,2129,
44,2130,
2131,
1741,2128,
2132,2133,
1350,1460,2134,
1693,2135,
1780,2136,
1969,2137,
44,1879,2138,2139,2140,
2141,2142,
2143,2144,
2011,2145,
1271,2146,
1369,2147,
1262,2148,
2149,
58,1693,2150,
58,2151,
44,1780,1979,
2152,
58,2153,
58,1924,
58,2154,
1369,1924,
507,2155,
44,2156,
1369,2157,
58,2158,
1369,2159,
58,2009,
58,2009,2027,
2160,2161,
58,2007,
561,2162,
58,2163,
58,1825,
58,2164,
2142,
58,2165,
44,1879,
58,2166,
2027,2167,
1271,2168,
1659,1693,2169,
58,2170,
44,58,2171,
1939,2172,
1271,1369,
58,1913,
48,58,1387,
2173,2174,2175,
144,2176,2177,
2178,2179,
58,2180,
48,1693,2171,
2181,
1659,2182,
164,1659,
2183,2184,
1522,1659,
1659,2180,
2185,2186,
2187,2188,
1588,1659,
1271,2073,
1659,2171,
2027,2189,
2092,2190,
507,1522,
2085,2102,
1659,2135,
2191,
2192,
2193,2194,
2195,2196,
58,1809,
58,2197,
1892,2198,
58,2199,
2200,2201,
760,2202,
2202,2203,
1317,2073,
58,164,
44,2009,
44,860,
44,1522,
44,2204,
44,2205,
44,1662,
44,1667,
44,1812,
44,2206,
9,1975,
2203,2207,2208,
2209,2210,
2211,2212,
1961,
1961,
44,2213,
58,2214,
1369,1979,
58,2009,
58,2065,
1369,2215,
58,2216,
312,2217,
58,1197,
9,
1271,1906,
361,2218,
44,1363,
419,1939,
58,2177,
317,1271,
1522,2219,
2220,
2101,2193,
1620,2091,
2124,2221,
1317,1323,
1687,2222,
44,1924,
44,860,
44,58,419,
44,2223,
860,2224,
507,860,
1924,2225,
48,1522,
58,2062,
58,1693,
507,736,
563,1924,
58,2226,
58,2101,
1620,2200,
860,1620,
2092,2227,
58,2148,
58,2085,
1659,1693,
860,2070,
58,1277,
58,2228,
1345,2229,
44,2230,
2027,2231,
2232,2233,
1271,2234,
2235,2236,
58,2237,
58,2238,
58,1345,
44,58,
1369,2239,
1369,2240,
58,1693,
1422,2241,2242,
58,688,2243,
688,2244,
44,2245,
58,2246,
44,688,2007,
688,2247,
1840,
2000,2102,
688,2240,
507,1369,2248,
44,507,2249,
1354,
58,2250,
2251,2252,2253,
44,164,1369,
1369,2254,
1369,2255,
58,2085,
2102,2256,
1879,2257,
632,2258,
2259,2260,
1726,2261,
1369,2258,2262,
1369,2263,
58,2264,
44,2265,
1726,2266,
2267,2268,
2269,2270,
44,2051,
58,419,2271,
507,2022,
2272,2273,
1182,2274,
44,2275,
44,2276,
58,2039,2277,
560,2278,
44,2246,2279,
44,1693,
58,2280,
2133,2258,2281,
58,2275,
507,2282,
507,2283,
507,2284,
44,2285,
72,2177,
44,2286,
2275,
58,2287,
2288,2289,2290,2291,2292,
58,2293,
507,561,
58,507,2294,
44,2295,
58,2296,
2160,2297,
58,164,
604,2286,
2298,
2039,2299,
507,2300,
58,2301,2302,
44,1981,2303,
44,2304,
44,1522,
44,2305,
44,2142,
44,2306,
44,561,1369,
688,2246,
1922,2039,
2307,2308,
2275,2307,
2309,2310,
44,1979,
58,2311,
44,2312,
58,2313,
58,2080,
48,2314,
58,2315,
58,1962,
2316,
58,2317,
44,148,2318,2319,
44,2320,
58,2260,
58,2321,
44,2322,
58,2323,
44,2324,
44,2325,
1369,2256,
1369,2326,
58,860,
58,2246,
58,2327,
1962,
44,2177,
44,2328,
58,2171,
44,2329,
965,
44,1369,2275,
1369,2330,
58,2331,
58,2117,
1369,1433,
1369,2332,
58,2333,
58,2334,
58,2039,2177,
58,799,
507,2335,
1350,
2336,
44,1690,2337,
2299,2338,
44,2151,
2039,2177,
58,2246,
58,2339,
44,2340,
44,2341,
2342,2343,
604,2344,
44,2345,
1284,1503,
1369,2346,
58,2246,
58,2347,
1369,2177,
58,2348,
58,2349,
44,419,2269,
58,561,
58,2269,2350,
44,2351,
44,1879,
48,2352,
58,2353,
58,2354,
283,2355,
1780,2356,
44,2246,
2085,
2357,2358,
2359,2360,
1284,1962,
2340,2361,
58,2362,
44,2363,
859,2364,
44,2177,
58,2365,
1879,2366,
58,2367,
58,1780,
80,1889,
2031,2368,
2369,2370,
2371,2372,
507,1932,
2373,2374,2375,
1624,2376,
2377,2378,2379,
2380,2381,2382,
80,2383,
44,2384,2385,
2386,2387,
2388,
2389,2390,
2386,2391,
44,2392,
193,2393,
2394,2395,
58,2396,
58,2397,
2398,2399,
58,2400,
2401,2402,
58,2403,
2404,2405,
80,2399,
604,2406,
2407,2408,
2409,2410,
48,2411,
58,2397,
2412,2413,
58,2414,
2415,
2416,2417,
158,2418,2419,
1682,2420,
2421,2422,2423,
2424,2425,2426,
383,1198,2427,2428,2429,2430,
58,1905,2431,2432,
2433,2434,
58,1917,2435,
375,2436,
2437,2438,
2439,2440,2441,2442,
2443,2444,
477,1541,2445,
1693,2446,
1431,2447,2448,
2449,2450,
1624,2451,2452,
2453,2454,
193,2009,2455,
2380,2456,
2386,2457,
2458,2459,
2460,2461,
604,2462,2463,
823,2464,
2465,2466,
58,2467,
1369,2468,
58,2469,
1253,2070,
2380,2468,
2409,2470,
48,2471,
58,2472,
2473,2474,
1395,2475,
1917,2476,
2477,
44,2478,2479,
2480,2481,
58,2482,2483,
2484,2485,
2486,
58,2468,
1431,2373,
2487,2488,
2489,2490,2491,
2492,2493,2494,2495,
2496,2497,
44,1906,2498,
2499,2500,
1022,2501,
2502,2503,
2504,2505,
58,2506,2507,
949,2508,
58,2509,2510,2511,
2512,2513,
1446,2514,
80,2515,
2516,2517,2518,2519,
361,1713,2520,
2380,2521,2522,
2523,2524,
44,383,1713,
44,80,2525,
44,80,2526,
2527,2528,2529,
1693,2530,2531,
1794,2532,2533,
269,2534,2535,
193,2520,2536,
2537,2538,
44,48,2539,2540,
1825,2473,2541,
2225,2542,
58,1880,
2543,
1620,2544,
1620,2545,
1620,2324,
2176,2546,2547,
2548,
1620,2549,
1624,2550,
2551,2552,
2553,2554,
48,2555,
58,2556,
304,2557,2558,
44,816,2559,
2560,2561,
2560,2562,2563,
2564,2565,
2560,2566,
2560,2567,
2564,
1620,2568,
2442,2473,2569,
2065,
2432,2570,
2570,2571,
507,2572,
44,2473,2573,
2574,2575,
58,2576,
2575,2577,
58,2578,
1262,2579,
1756,
2119,2580,
58,2324,
6,
2581,2582,
507,2583,
2584,
58,2585,2586,
58,2585,
2580,2587,
2588,2589,
1305,1620,
1757,2518,2590,
2591,2592,
1522,2591,
2591,2593,
2594,
2591,2592,
58,2324,
44,2595,
2596,2597,
2598,
1620,2599,
58,2600,
524,2601,
1624,2602,
2603,2604,2605,2606,
58,2607,
1620,2591,2608,
2609,2610,
2591,2611,
58,2612,
2591,2613,
48,310,
2614,
2615,
2324,2616,
2617,2618,
2619,2620,
2621,2622,
48,58,2623,
2171,
2624,
156,2625,2626,
58,2627,
58,2054,
1196,1624,
48,2628,
2422,2531,
58,2629,
58,2630,2631,
2591,2632,
2535,2633,
2535,2634,
2591,2635,
48,2636,
48,2637,
44,1624,2631,2638,
58,2639,
2640,
2641,2642,2643,
58,2644,
2591,2645,
1196,2591,
58,2539,2646,
2591,2647,
2614,
58,2648,
58,2649,
48,2650,
2651,2652,
2653,2654,
2655,
1624,2656,
58,1238,
58,2657,
58,2631,
1624,2658,
58,193,2656,2659,
2591,2660,
2535,2631,
58,2661,
1271,1982,2380,2616,2662,
193,2663,
193,2664,
58,2665,
2661,2666,2667,
58,2668,
58,193,2669,
193,2670,
193,2671,
1198,2672,
2191,2673,2674,
80,2675,
2619,2656,
58,2676,
104,2531,
2619,2677,
2531,
1693,2678,
1693,2679,
1624,2629,
1693,2663,
1693,2680,
80,2681,
58,2682,
80,2683,
58,2380,2684,
2685,
58,2686,
2682,2687,2688,
2477,
2687,2689,
2690,2691,
2692,2693,
2680,2690,
2660,2694,
58,2660,
2695,2696,
2697,2698,
44,1718,2699,
44,801,
44,2413,
44,2392,
1640,2616,
48,2700,
48,2701,
80,2616,2702,
1387,
2085,2593,
2609,2639,
2690,2703,
2619,2704,
2705,2706,
1649,2707,
2549,2708,
2709,2710,
1620,2711,
58,2712,
1620,2713,
2644,2714,
58,2715,
2716,2717,
58,2348,
994,
58,2595,
58,1693,
58,1693,
58,2718,
58,2719,
2720,2721,
1620,2722,
2177,2653,
1624,2723,
2473,2724,
1737,
58,1710,
58,2725,
2619,2726,
58,507,2727,
507,2171,
2728,
58,2729,
58,881,
1620,2730,
2591,2731,
2732,2733,
1620,2734,
58,2735,
1620,2736,
48,2711,
48,2171,
310,2575,
44,2591,2737,
2119,2738,
2739,
2565,
58,269,
58,2711,2740,
2591,2595,
58,2741,
2742,
823,1624,2711,
58,2743,
2591,2621,2744,
1620,2745,
2746,2747,
58,2748,
1464,2651,
2660,2694,
2653,2749,
58,2750,
2751,2752,
2634,2753,
58,2754,
1880,2619,
361,2755,
48,2756,
2757,
1624,2758,
80,2759,
58,811,
2381,2690,2760,
2690,2761,
2762,2763,
58,2468,
58,2764,
2381,2765,
58,2766,
58,2767,
2648,2768,
2616,2769,
80,2770,
2771,
2772,
2773,2774,
2176,2639,
1541,2775,2776,
1889,2777,2778,2779,
58,2722,
104,2780,
2473,2781,
1962,2782,
1541,2782,
2575,2774,
604,2783,
2651,2784,
2768,2785,
1624,2785,
58,2785,
58,2786,
2766,2787,
58,2788,
2473,2592,
58,2729,
58,2727,
2381,2789,
58,344,921,
604,2790,
58,2791,
2615,2616,
2473,2792,
344,921,
1271,2793,
58,2794,
58,921,2795,
1624,2796,
1271,2797,
2798,2799,
2653,2800,
2801,2802,
48,2803,
1620,2804,
2805,
1624,2806,
1624,2807,
44,2808,
44,2647,
1713,1872,
1713,2809,
1631,2810,
48,1717,
44,2811,2812,
1888,2131,
58,1843,
1262,2813,
1713,2814,
1624,2815,
2816,
2817,2818,
58,1745,
1713,2819,
2820,2821,
2822,2823,
58,1717,
58,2824,
1640,1713,
1717,2825,
58,2826,
1713,2827,
2828,2829,
2830,
1713,2831,
2832,
1370,2125,
2805,
1713,2733,
2833,
1162,1713,2822,2834,
2835,
1713,2836,
2837,
2822,2838,
1620,2839,
1323,2840,2841,
58,2842,
58,1754,2843,
1631,2844,
1693,1713,2822,
58,2592,
1631,2845,
1713,2846,
48,2847,
1624,2848,
1624,2849,
1713,2850,
1713,2851,
2852,
44,2853,
58,2854,
2461,2822,
2822,2855,
1620,2856,
1620,2005,
1620,2857,
1620,2858,
58,2859,
1620,2619,2860,
1620,2835,2861,
2619,2862,
2863,2864,
2619,2865,
1620,2826,
58,2866,
58,1624,2415,
1624,2867,
58,2868,
44,2869,
44,1473,
873,2615,
58,2619,2870,
1624,2871,
58,2872,
2873,2874,
2875,
2653,2862,
1624,2876,
2653,2877,
2653,2878,
507,1736,2592,
1624,2879,
1693,2880,
1693,2461,
1620,2461,
1787,2881,
638,2653,
58,2882,
1293,2778,2883,
1624,2884,
258,2885,
1624,2886,
1773,2887,
1713,2888,
1620,2889,
58,2890,
269,2891,
2892,2893,
1624,2894,
58,2895,
1624,2896,
58,2897,
873,2898,
2899,
44,2771,2900,
873,2870,
1736,2901,
58,2902,
2903,2904,
2902,2905,
44,2725,
58,2906,
1620,2907,
2908,2909,
58,1722,
44,1640,
44,2910,
44,2822,2911,
44,2912,
44,2913,
44,2914,
1695,2915,
873,2660,2916,
1293,
2917,2918,
1620,2919,
1713,2920,
1713,2005,
1713,2921,
1713,2922,
1323,1713,2923,
1713,2924,2925,
1713,2926,
1713,2927,
2822,2928,
2561,2619,
2830,
2929,2930,
6,2931,
1631,1713,2932,
58,2933,
1713,2070,
44,2934,
1710,1713,
58,2452,
58,2935,
1624,1710,1713,2811,
1624,2936,
58,2017,
48,2937,
58,2938,
58,2939,
48,2940,
375,
1713,2941,
2910,
1624,2942,
1624,2044,
1713,2943,
2944,2945,
58,2844,
1713,2026,
1713,2862,
9,1713,
1713,2898,
1620,1717,
1620,2946,
1624,2947,
2822,2948,
44,58,2483,
1624,2595,
383,2822,
58,2595,
58,2857,
2619,2949,
58,2950,
58,2950,
58,2715,
58,2868,
58,2324,
58,2826,
2324,2951,
58,2952,
44,2953,
1624,2954,
58,2715,
58,2955,
1624,2956,
2653,2675,
1704,2957,
1693,2578,
1624,2958,
258,2901,
1620,1624,2959,
1624,2960,
58,2575,
2575,2961,
58,2962,
2619,2963,
58,1962,
1620,2324,
58,2964,2965,
44,2415,
2966,2967,
1713,2483,
1713,1717,
2822,2968,
1631,1710,
58,2969,
1262,2970,
44,2822,2971,
44,1323,
2822,2972,
1841,
344,1713,
1710,1713,
1624,2595,
1787,1841,
9,
48,2973,
58,736,
58,1693,
1713,2974,
1713,2975,
2619,2976,
2977,2978,
1710,1713,
1713,2979,
58,2980,
58,2724,
58,2981,
2653,2675,
58,1756,
1713,2822,2982,
1713,2983,
921,945,
1624,2984,
2687,
2985,2986,
48,2987,
1736,2988,
1736,1782,
440,1659,
1631,1959,
58,2989,
2536,2990,
1624,2397,
2991,2992,
2880,2993,
2993,2994,
2995,
58,2996,
1431,1928,
2993,2997,
2998,2999,
3000,3001,
58,3002,
44,2994,
2594,2768,
3003,3004,
80,3005,3006,
58,3007,
1264,3008,
58,3009,
58,3010,
2456,3011,
48,3012,
44,3013,
2456,3014,
48,1979,
2456,3015,
3016,
1624,3017,
58,3015,
58,3018,
3019,
3020,
3021,
3022,3023,
80,3024,
58,3025,
1113,3026,
638,3027,
44,1624,3024,3028,
48,3029,
1113,3030,3031,
299,2175,3032,3033,
1847,2176,3034,
2619,3035,
2619,3036,
1847,3037,3038,
1325,1847,
3030,3039,
58,3040,
3041,3042,
3030,3043,
3030,3044,
58,3045,
58,2921,
80,3046,
80,3047,
3048,3049,
3048,3050,
3051,3052,3053,
58,3054,3055,
3056,3057,3058,
3059,3060,
2653,3061,
3062,
58,2450,
1369,3043,
375,3063,
375,3064,
3065,3066,
3065,3067,
3068,3069,
3070,3071,3072,3073,
48,3074,
58,3075,
1624,3076,
58,1845,3077,
1262,3078,
3079,3080,
1624,3081,
58,2488,
144,3082,
144,3083,
1624,3084,
44,3085,3086,
3028,3087,
80,3088,
3028,3089,
1624,3090,
3028,3091,
2031,3092,
447,3093,
3094,
2091,3095,
2653,3096,
2653,3097,
1624,3098,
3099,3100,
3101,3102,
1845,3103,3104,
1845,3103,3105,
2998,3106,
80,3107,
58,3108,
80,3109,
3083,
1876,3110,
1845,3111,
2219,3112,
3041,3077,
2880,3103,
1845,3113,
3114,3115,
3116,3117,
1845,3118,
1845,3109,
1845,3119,
3120,
58,3121,
44,3087,
3006,3122,
3123,
3124,
3028,
3125,3126,
3065,3127,
2020,3128,
3028,3129,
2408,3130,
3103,3131,
3103,3132,
1009,3025,
3133,3134,
3133,3135,
1856,
44,1979,3136,3137,
2408,3138,
604,1254,
1624,3052,3139,
44,759,3140,
1979,2619,
811,2969,
2969,3141,
1253,3142,
80,1045,
3143,3144,
38,44,3031,
3145,3146,
3030,3147,
3030,3148,
58,3149,
2373,3041,
3133,3150,
3151,
3150,
58,3152,
58,3042,
58,2305,
80,3083,
3048,3113,
3041,3153,
48,3154,
2454,3155,
80,3156,
1845,1979,
58,1142,
375,3157,
1006,3158,
1006,3067,
80,1142,
3065,3159,
58,3160,
789,
3094,
80,3161,
3162,
2969,3163,
2653,3164,
1979,3117,
58,2994,
44,48,3165,
80,3042,
1142,
1845,3166,
3037,3167,
3168,3169,
3043,3170,
1928,2969,
3150,
375,1913,3171,
80,3172,
3173,3174,
921,3175,
58,3083,
58,3176,
44,3177,
2422,3073,3178,
2731,3179,
80,3180,
1624,3059,
3181,3182,
921,2969,3183,
2176,3184,
80,3185,
3186,
3172,
2473,2894,
48,3187,
1845,3188,3189,
3083,
998,
1847,3156,3190,
3090,3191,
3192,3193,
3083,
2070,3194,
529,3195,
759,1488,
3196,3197,
3198,
3198,
3199,
1798,3200,
3095,3201,
3200,3202,
3203,
3201,3204,
1624,3037,3205,
3200,3206,
3207,3208,
3207,3209,
3210,3211,
1624,3065,3200,3212,
1878,3200,
44,1113,3213,
2422,3214,
3104,3200,
44,3215,3216,
58,3217,
48,2470,3218,
48,3216,3219,
58,3193,
58,2450,
3200,3220,
48,2514,3221,
1217,3202,
1798,3222,
1759,
1798,3223,
3067,3224,
3200,3225,
58,3226,
3227,3228,3229,
44,3230,
3200,3231,
44,3216,3232,
58,3233,
58,3234,
58,3235,
3236,3237,
1735,2969,
3200,3238,
3200,3239,
58,3240,
48,3241,
3223,3240,
3223,3242,
3239,3243,
44,3244,
48,3245,
3246,
1560,3247,
1560,1969,3248,
1560,3249,
1560,3250,
3251,
3200,3252,
1560,3253,
1560,3254,
3255,3256,
1560,3257,
3200,3258,3259,
1560,3260,
44,3202,
3261,
3262,3263,
3200,3264,
3265,3266,
3251,
1560,3174,
524,2538,
3263,3267,
3212,
3268,3269,
44,58,3270,
1560,3271,
3271,3272,
44,3104,
3178,3273,
3274,
2473,3275,
3276,3277,
58,3158,
1624,3278,
1917,3279,
3280,3281,
3282,
2473,3172,
3200,3283,
2092,3284,
3104,3200,
3285,3286,
58,3287,
58,3288,3289,
2092,3290,
2995,3291,
2473,3292,
3293,3294,
1845,3295,
1917,3296,
2473,3297,
2649,3298,
3033,3299,
3300,
58,3301,
58,3302,
3303,3304,
58,3305,
2350,2739,
58,3306,
3307,3308,
3179,3309,
3067,3310,3311,
58,3312,
3313,3314,
3315,3316,
1917,2473,3317,
159,3289,
3318,3319,
3268,3320,
3321,3322,3323,
3324,3325,
159,3326,
159,3327,3328,
1917,3329,
58,3330,
3083,
3331,
3332,3333,
3334,
159,3335,
2694,3336,
58,159,3337,
80,3338,
58,2120,
44,3339,
44,3340,
44,3341,
44,3267,
44,3342,
44,3067,
44,3343,
44,3267,
2616,3344,
3345,3346,
3269,3347,
3348,
759,2450,
3349,3350,
3351,
3352,
3208,3307,
3028,3353,
3215,3354,
3355,
1624,3356,
795,3357,
3200,3220,
1624,3200,3292,
3358,
3359,
2473,3360,
2176,3361,
2176,3362,
1624,3116,
58,3199,
58,3363,
1798,3232,
1878,3200,3364,
2473,3058,
815,
3200,3365,
58,3365,
2112,2969,3094,
58,3263,
3223,3231,
3200,3366,
3367,
58,3368,
1560,3369,
3200,3370,
2473,3134,
3200,3270,
2176,3184,
58,3371,
44,3340,
58,3372,
44,2851,
3373,
2176,3374,
58,3375,
44,3376,
2995,3377,
1300,3378,
58,3379,
58,2971,
1693,3289,
2473,2971,
2473,3380,
1845,3065,
44,1845,3381,
3382,3383,
48,3384,
1845,2739,
2473,3385,
3286,
44,174,
1845,3083,
58,3380,
44,3386,
3387,
44,3325,
44,3388,
2616,3389,
3390,
72,2995,
3232,3391,
529,3077,
58,3392,
3216,3219,
3348,
3213,3223,
3223,3393,
2768,3394,
58,3286,
2739,3395,
44,3381,
58,3286,
44,159,3381,
58,3396,
44,3388,
1914,3397,
3398,3399,
44,3400,
921,3401,
2602,3402,
921,2473,3175,3403,
619,921,2795,
245,1113,
